subject_idx,window_idx,t_start_s,t_end_s,covas_mean,covas_max,covas_min,covas_diff,covas_p90,ecg_mean,ecg_std,ecg_min,ecg_max,ecg_skew,ecg_kurt,ecg_hr_bpm,ecg_rr_mean_ms,ecg_rr_std_ms,ecg_rmssd,ecg_rr_range_ms,ecg_pnn50,eda_e4_mean,eda_e4_std,eda_e4_min,eda_e4_max,eda_e4_skew,eda_e4_kurt,eda_e4_scl_mean,eda_e4_scl_std,eda_e4_scl_slope,eda_e4_scr_n_peaks,eda_e4_scr_peak_rate,eda_e4_scr_mean_amp,eda_e4_scr_max_amp,eda_e4_scr_std,eda_e4_scr_auc,eda_e4_scr_energy,eda_rb_mean,eda_rb_std,eda_rb_min,eda_rb_max,eda_rb_skew,eda_rb_kurt,eda_rb_scl_mean,eda_rb_scl_std,eda_rb_scl_slope,eda_rb_scr_n_peaks,eda_rb_scr_peak_rate,eda_rb_scr_mean_amp,eda_rb_scr_max_amp,eda_rb_scr_std,eda_rb_scr_auc,eda_rb_scr_energy,bvp_mean,bvp_std,bvp_min,bvp_max,bvp_skew,bvp_kurt,bvp_slope,bvp_ac_dc_ratio,bvp_hr_bpm,bvp_ibi_mean_ms,bvp_ibi_std_ms,bvp_ibi_cv,bvp_pulse_amp_mean,bvp_pulse_amp_std,bvp_vasomotor_power,tmp_mean,tmp_std,tmp_min,tmp_max,tmp_slope,tmp_range,tmp_diff_end_start,cross_eda_e4_rb_corr,cross_hr_bvp_ecg_diff
19,0,0.0,4.996,8.5548,47.8,0.0,47.8,26.0,0.002423717909740605,0.10619110158408596,-0.1582012909145945,0.7411909467204677,3.8207696717436437,19.787155381480332,71.09004739336493,844.0,113.20777358467925,136.79181262049275,264.0,75.0,0.45459159473719385,0.038254299472426354,0.4289260866938702,0.5604562521949413,1.497385804187931,0.7397056492714338,0.4301252467069004,3.2046156586971984e-06,7.926288874239472e-09,1,0.2,0.00542466673196762,0.00542466673196762,0.038187634135966195,0.12256791313775589,0.010303048992785998,7.478611033561622,0.3194661141395472,7.18607059248229,7.970790211019376,0.5835291762378184,-1.5045712204366588,7.252898989603819,1.1461619648196716e-05,3.0256937778629426e-08,0,0.0,0.0,0.0,0.30515546022276624,1.2135141701277143,0.7604562566158717,-1.4562300395538355,38.18762795761576,-75.34419083711398,94.34279329916464,-0.15409982194528155,-0.8554362241008646,-0.0028996070377997744,5.190233570686864,70.62146892655367,849.6,136.9554672147118,0.1611999378704235,46.67934634219287,25.945601351159326,0.0,32.59798400000001,0.009068894506517112,32.59,32.61000000000001,-3.6343626459658893e-06,0.020000000000003126,0.0,0.8402600184135478,0.4685784668112518
19,1,2.5,7.496,33.3732,51.000000000000014,4.0,47.000000000000014,50.0,0.0006468791311970083,0.11368078934838355,-0.1848948565161722,0.7411909467204677,3.7113144159497997,17.905937512760985,67.56756756756756,888.0,44.98888751680797,53.74011537017761,100.0,50.0,0.5294966610356834,0.06085145882462518,0.4326267965504634,0.5906144364923297,-0.5589729863227055,-1.3738112960456148,0.4392103211710484,7.768045342127988e-05,1.8802491363492784e-07,1,0.2,0.15134778647739666,0.15134778647739666,0.05946505933864253,0.4553884263239151,0.059192236501503584,7.825466603674201,0.21264612764746205,7.196732292720476,7.972058340016114,-1.8650010441326772,2.141066227948439,7.23127250365465,0.00084995225373913,2.04373286593077e-06,1,0.2,0.740303100146579,0.740303100146579,0.21019299233656186,2.9727177610840503,1.9895387445262742,1.739891658469999,38.40612763301162,-77.21030909057235,93.7805251772158,-0.4252696608963819,-0.9553709918938211,0.0036845609186207406,5.116173312565659,70.35647279549718,852.8,122.61810633018273,0.14378295770424804,39.12311801200348,16.11542154874441,0.0,32.59399200000001,0.007554551399229924,32.59,32.61,-1.3314148681032138e-05,0.01999999999999602,0.0,0.7136071609528332,2.788905227929618
19,2,5.0,9.996,37.3768,51.000000000000014,4.0,47.000000000000014,50.0,0.00022041839570186302,0.11569663223052098,-0.1848948565161722,0.7467288572624349,3.8635078659681565,18.781409855308144,66.72597864768683,899.2,38.30404678359716,50.51732376126036,92.0,50.0,0.5780110610566662,0.006403225294393705,0.5607155472163633,0.5906144364923297,0.17367270694314174,-0.3888977646563392,0.5588808147880086,3.790225694931929e-05,9.068735841791494e-08,2,0.4,0.025504343613043656,0.031770382804798936,0.006414609887633509,0.09563116832730634,0.002035403122670062,7.79659833261514,0.13751498596286724,7.532921840362392,7.972058340016114,-0.36179873667216317,-1.2053287903265544,7.954423961577483,0.00012779812242284463,-3.1335922217658364e-07,1,0.2,0.017310539163385208,0.017310539163385208,0.00450158989339619,0.007979178869729073,0.00011407690843673661,2.3059653882389703,39.052153075236205,-82.71763043626233,49.93217692347045,-0.6308254344141222,-1.0066394180466904,0.0019442395943662786,3.816996449797581,66.25441696113074,905.6,43.22961947554015,0.04773588723005758,45.087811692631135,3.0850294067480215,0.0,32.593056000000004,0.00846969855534909,32.57,32.61000000000001,9.344968540775375e-06,0.04000000000000625,-0.020000000000003126,0.6878771536237668,0.4715616865560861
19,3,7.5,12.496,27.5368,49.0,0.0,49.0,45.0,0.001854531484813084,0.1208175412043736,-0.1592850205033739,0.7506272754383729,3.938550430856494,18.61154554194269,65.90509666080844,910.4,48.0499739854248,64.59102104782058,128.0,75.0,0.5707091846942567,0.004479399212190337,0.5627747377152165,0.5781441612473031,0.4141679007660138,-1.1852364446691366,0.5760427261173063,6.14104133660343e-06,-1.508679668767262e-08,1,0.2,0.002090831687418415,0.002090831687418415,0.0006242961326246454,0.00154869504143497,2.42801521489775e-06,7.563343901584647,0.13162558728618512,7.398526674280743,7.820013156705231,0.4354958328881033,-1.1797753484179194,7.801478430909881,0.00027980771549225694,-6.778603933189638e-07,0,0.0,0.0,0.0,0.0019464875917440609,0.0015820294449384563,1.945216855086425e-05,-1.1438743493154264,39.75381778085716,-82.71763043626233,47.87874597829151,-0.497697442799566,-1.1808850516344427,0.007584496362665402,3.7073951291207505,67.93478260869564,883.2,40.23928428786973,0.04556078384043221,45.457682397262325,2.480388091257312,0.0,32.58592000000001,0.014282922791711766,32.56999999999999,32.61000000000001,-1.7564294121147715e-05,0.04000000000001336,0.0,0.9147136242963994,2.0296859478872022
19,4,10.0,14.996,15.0948,45.00000000000001,0.0,45.00000000000001,44.0,0.0002922613534300943,0.11593374689096463,-0.168649512411718,0.7603141669151323,3.972397079781767,19.85572836390939,73.34963325183374,818.0,142.69968465277,161.33443525794485,404.0,80.0,0.5640035456790332,0.0034500822479573852,0.5588780691628621,0.5691671010483715,0.17193047550346444,-1.499676516453198,0.5666961088740874,3.89549104778855e-06,-9.527390343647444e-09,1,0.2,0.0024683691785518658,0.0024683691785518658,0.0008584271071310665,0.0025090507476006677,4.941106242816526e-06,7.412306412665357,0.04665310832956379,7.361391480760517,7.532517670627165,0.8798670985534846,-0.27982970534459595,7.520460098522665,0.00016924271134378656,-4.0891047359938327e-07,0,0.0,0.0,0.0,0.0010396039710227024,0.000682761155058735,5.499216104436808e-06,-2.680592745708615,39.32285273178654,-78.92231933626962,51.50358861213632,-0.3880964094425598,-1.2229093385014962,-0.0006704191825646588,3.7668604708955176,66.29834254143647,905.0,46.8045581825816,0.051717743848156465,47.42629915481372,3.2243506038355836,0.0,32.57894400000001,0.009416207915570608,32.56999999999999,32.59,1.617746955360636e-05,0.020000000000010232,0.020000000000003126,0.6952539800898495,7.051290710397268
19,5,12.5,17.496,0.0,0.0,0.0,0.0,0.0,-0.0023120550790161217,0.11000092734813255,-0.168649512411718,0.7603141669151323,3.891107306868861,20.037844944966174,71.56488549618321,838.4,128.39314623452452,114.0175425099138,332.0,100.0,0.5582791272225428,0.003555234469865582,0.5519490062175256,0.5627418089265157,-0.49370251072278765,-1.401608244803605,0.5622097742580763,6.053305062133742e-06,-1.4721861856192763e-08,0,0.0,0.0,0.0,3.611693692570321e-05,1.819369513843827e-05,6.590853873310991e-09,7.386581361403523,0.01868475656095842,7.361391480760517,7.415096116196038,0.22768784960960356,-1.35736670551055,7.388921807626564,3.876564399518878e-05,-9.129263012838937e-08,1,0.2,0.02620194181707003,0.02620194181707003,0.01019086561636453,0.03563329486434708,0.0007737436330950789,0.16180146197330686,38.6424293477865,-80.20427468268285,51.50358861213632,-0.50373563486206,-1.0888841368733868,0.0015958650458581085,3.874002788694277,70.4225352112676,852.0,113.45483682946268,0.13316295402519093,43.45722419285422,7.498915658505837,0.0,32.579248,0.009445371542025193,32.56999999999999,32.59,-8.591160698347464e-06,0.020000000000010232,-0.020000000000010232,-0.7979443506084813,1.142350284915608
19,6,15.0,19.996,0.0,0.0,0.0,0.0,0.0,0.0014275930491104388,0.1141328412946689,-0.1535001195843214,0.7581103682039765,3.7392420656704166,17.988360021996105,65.38796861377506,917.6,34.71022903986662,53.74011537017761,76.0,50.0,0.5537911108200385,0.0034811768042119625,0.5478941199774098,0.562157709277303,0.6629789130039256,0.6774166533558117,0.560249879666776,1.0254817008850278e-05,-2.491889481215371e-08,1,0.2,0.0018836829999916427,0.0018836829999916427,0.0004525786827007753,0.0006866228535805027,1.1183751688044891e-06,7.393699355297897,0.016671508044002626,7.3629090278063,7.415096116196038,-0.27858565801393576,-1.3173505150647649,7.3564076427776035,4.7049051778004725e-05,1.1330455994354693e-07,1,0.2,0.05867507790729665,0.05867507790729665,0.01665673766953152,0.18642628549482104,0.008339483874800465,2.850223112053385,39.08012407117566,-82.56875501519932,46.27784020710301,-0.6955818948257002,-0.8847661267674356,0.0007984039123333255,3.724025385923563,66.3129973474801,904.8,66.89693565478169,0.0739356052771681,44.45642862689866,1.76078398912545,0.0,32.577248,0.009072386536743271,32.56999999999999,32.59000000000001,-6.595444861100605e-06,0.020000000000017337,-0.020000000000003126,0.010321776756965533,0.925028733705048
19,7,17.5,22.496,0.0,0.0,0.0,0.0,0.0,0.0008570409103356741,0.11992985408417771,-0.1754057084587604,0.8057258261168809,3.829512708803219,18.58993343716088,68.55575868372944,875.2,74.37203775613521,90.57593499379402,152.0,75.0,0.5509958736627021,0.0020176389166943996,0.5478941199774098,0.5545127584097267,0.29834896521768245,-1.2270499659600789,0.5526825827006203,2.630187761546875e-06,-6.305965474425859e-09,2,0.4,0.001278770081830083,0.00182589394787247,0.0005421901807324233,0.001474490354985583,1.9045423159355322e-06,7.378366846950029,0.01719893132259949,7.356832129576367,7.412559861939374,0.41017758145123234,-1.1284430690667562,7.402002980758294,7.935615089901104e-05,-1.9557474296309988e-07,0,0.0,0.0,0.0,0.0021427111160441897,0.003530172002639256,2.545939035547071e-05,0.5848088542027126,39.19773671549454,-82.56875501519932,46.12093622864049,-0.6075126239739449,-1.0367003642982986,0.006527715647412067,3.722215936252258,68.4931506849315,876.0,67.11184694225007,0.0766116974226599,43.53702627381653,3.151967578528584,0.0,32.57408,0.00762026040404045,32.56999999999999,32.59000000000001,-1.3400789376505329e-05,0.020000000000017337,0.0,0.8171575252507959,0.06260799879792955
19,8,20.0,24.996,0.0,0.0,0.0,0.0,0.0,-0.0015237157314563102,0.11328579448519584,-0.1754057084587604,0.8057258261168809,4.062213643925713,21.331732791619448,67.20430107526882,892.8,122.35685514101773,145.2583904633395,296.0,100.0,0.5475504970973594,0.002818848074087005,0.5423526961350735,0.5516602544603341,-0.15939647239850488,-1.3766286139698682,0.5480389223784116,5.807609076884526e-07,-1.5152919166802842e-09,2,0.4,0.0028021259247066332,0.0036209636379650467,0.0012183389753292505,0.005243280470520542,1.29170654117451e-05,7.381213738852369,0.017181228791577716,7.356832129576367,7.404147727997143,-0.1374625520931116,-1.5392086498694206,7.3577370265892315,4.8896839397623465e-05,-1.226832321474832e-07,1,0.2,0.04644430036704161,0.04644430036704161,0.0171479031920895,0.11758616710308131,0.004237042254662628,-2.954019036689296,39.67444613823708,-84.67902800074485,49.54847645420364,-0.43649215427156396,-1.1791719129983338,0.00017209835892537177,3.8676916322099517,70.2576112412178,854.0,52.71305973538879,0.06172489430373394,43.96066998317336,4.345645851567463,0.0,32.57,2.6748265037072676e-15,32.56999999999999,32.57000000000001,2.5927434644743424e-17,1.4210854715202004e-14,-7.105427357601002e-15,-0.6890122151246871,3.053310165948986
19,9,22.5,27.496,0.0,0.0,0.0,0.0,0.0,-0.0005603244552793464,0.1131173026355738,-0.1574786550359151,0.7630407678165929,3.9211946358109477,19.913550688137104,66.7853962600178,898.4,95.48193546425418,125.6821387469198,236.0,100.0,0.543407307944769,0.002360710367522018,0.5391787574994191,0.5490077938811184,-0.37092080052638,-0.8454947466496985,0.5485523471771807,9.564360991374644e-06,-2.3037668230413374e-08,0,0.0,0.0,0.0,2.2876842939864027e-05,7.865930798935495e-06,2.6298676187808796e-09,7.378809541848424,0.017900742419437416,7.355249782071023,7.404147727997143,0.10119348402792872,-1.5800442383436988,7.385985007381462,3.4226441681078194e-05,-8.580084787404003e-08,1,0.2,0.018107302299400274,0.018107302299400274,0.00695973438424799,0.02473179287154637,0.00036453409859805704,-1.3469002606613227,39.72186252799985,-84.67902800074485,49.54847645420364,-0.4574866410376559,-1.1539358714809436,0.0018114259381272646,3.8563871154589444,63.492063492063494,945.0,79.62411694957753,0.08425832481436775,44.361472392643215,3.7427784797227632,0.0,32.563264000000004,0.009270880067176053,32.55,32.57000000000001,-2.1421499789748684e-05,0.020000000000010232,-0.020000000000003126,0.7453854732572515,3.293332767954311
19,10,25.0,29.996,0.0,0.0,0.0,0.0,0.0,0.0010865759496843774,0.12002700116047905,-0.1574786550359151,0.7630407678165929,3.7779929116010655,17.858663616678943,62.18905472636816,964.8,36.3758161420469,53.21653878260028,88.0,75.0,0.5410617702729882,0.0019260392222596116,0.5370361968727172,0.5454092265653315,0.3777203736640262,-0.516532245314878,0.5446186224742114,7.185058975078237e-06,-1.7589602633122538e-08,0,0.0,0.0,0.0,8.874186056890917e-05,7.539041974102312e-05,4.052776058587567e-08,7.352603472199899,0.011488543951732936,7.338007067324787,7.377891135650531,0.2621935151715954,-1.0586934949599447,7.368539637835116,6.960510724059175e-05,-1.7339672695841388e-07,0,0.0,0.0,0.0,0.0015547443213297949,0.0021845840950680717,1.3047043187567914e-05,2.8147322196903426,39.18900341628755,-83.7905770185599,48.231771368500965,-0.6544263296763825,-0.9335078856553194,-0.0006781531334585933,3.803375503689301,64.82281763180639,925.6,50.32693116016513,0.05437222467606431,44.84054125717765,3.2459797883625483,0.0,32.557968,0.00943453719511492,32.55,32.57000000000001,4.158261861310173e-06,0.020000000000010232,0.0,0.5665378029741823,2.6337629054382248
19,11,27.5,32.496,0.0,0.0,0.0,0.0,0.0,-0.00046984102017258954,0.10832641486077342,-0.150507922215945,0.737386072364012,3.997792764072153,20.974708076149653,66.48936170212767,902.4,104.7893124321369,76.91553809211764,256.0,75.0,0.5388895084454329,0.0018711212145129871,0.5357171919002658,0.541845243184429,0.04481467619425489,-1.137863883036304,0.5391507125202791,4.3982089073212777e-07,1.0953838229341987e-09,1,0.2,0.002694622174423955,0.002694622174423955,0.0009893582796764676,0.0033497822450389296,7.135467264295116e-06,7.334609444510686,0.011703998368688212,7.306468010623543,7.355220073067277,-0.7340559866048489,-0.1856867970229259,7.345626018149406,6.650872914687005e-05,-1.6617089309382668e-07,0,0.0,0.0,0.0,0.0019657581114842755,0.003136565385464118,2.1296872239128676e-05,-1.1286126460465162,41.160930852972115,-83.7905770185599,48.87969912474361,-0.4744860104545466,-1.163282659631023,-0.009073851308839498,3.667579101090718,62.047569803516026,967.0,45.41659021400293,0.0469664841923505,47.084336077391164,1.5251709274001541,0.0,32.56069599999999,0.00946941969955144,32.55,32.57000000000001,8.590187897713258e-06,0.020000000000010232,0.020000000000003126,0.27869782128959203,4.4417918986116405
19,12,30.0,34.996,0.0,0.0,0.0,0.0,0.0,-0.001512725626251844,0.1131112185007854,-0.150507922215945,0.7661181438004996,3.9506772871490528,20.014439828335565,71.36060894386299,840.8,105.12468787111808,93.38094023943002,256.0,25.0,0.5362272562191681,0.002208281740252956,0.532579747830856,0.5392828479015627,-0.2552415994570434,-1.3305500520104598,0.5363836292537655,4.877796078152299e-07,-1.298254069890041e-09,3,0.6,0.00225431340159421,0.002899467699706171,0.0010530884986231686,0.004435799796269794,9.478110400467749e-06,7.307030975849382,0.022113782354204838,7.27104835016246,7.339694628204852,0.026307810288682502,-1.344873446455422,7.329503687222482,4.039018490235618e-05,-9.700532755014108e-08,1,0.2,0.010077088277649082,0.010077088277649082,0.0033527522990561076,0.008027145890074031,6.911149553078714e-05,-2.6367512627802117,38.927549810015,-80.27348628379771,48.87969912474361,-0.4332821599719278,-1.1895390501706153,-0.00023777810305869234,3.7751986932042954,65.78947368421052,912.0,74.11702458499892,0.08126866730811284,43.46653417902914,3.8392761185773443,0.0,32.561992,0.009094770543880781,32.55,32.57000000000001,2.893958972118091e-06,0.020000000000010232,-7.105427357601002e-15,0.5988485796757742,5.571135259652465
19,13,32.5,37.496,3.3192,12.0,0.0,12.0,10.999999999999998,0.00040460256140653855,0.12288535083719386,-0.1491900772159308,0.7661181438004996,3.793053715403358,17.495543224070627,63.613231552162844,943.2,71.74398929527129,79.97499609252883,168.0,50.0,0.5343171655120497,0.0027093592891292134,0.5293527462493375,0.5392828479015627,-0.15987655692893357,-0.5727425960388954,0.5378464871633604,6.99429273001051e-06,-1.6952620516961444e-08,1,0.2,0.001419476658072405,0.001419476658072405,0.00035290398572168294,0.0005555802115346422,6.844433367682509e-07,7.2689794113533805,0.02156760500656443,7.231137012957026,7.306390341517116,-0.07662639337223201,-1.2110232709946889,7.29667742885808,4.132183518396327e-05,-1.0250046995176026e-07,0,0.0,0.0,0.0,0.0017316985900560013,0.0026356463374314744,1.6391545746867073e-05,2.8904219852463133,36.74382995091424,-78.1145012733447,44.04321406511951,-0.7283687724341752,-0.8602161224882741,-0.0013112142937242964,3.7459363905638186,68.11989100817439,880.8,32.29860678109816,0.036669626227404814,41.62756166651903,1.9379715611967785,0.0,32.561912,0.009088470596129593,32.55,32.57000000000001,2.8151518817004725e-06,0.020000000000010232,0.0,0.5701671284515324,4.506659456011548
19,14,35.0,39.996,13.9928,35.0,0.0,35.0,32.0,0.0004908964515491057,0.11043922397691758,-0.1486729230924139,0.7463821249733689,3.9444728369043784,20.253741415424177,63.72132540356839,941.6,92.97741661285282,68.41052550594829,228.0,75.0,0.5325127387704006,0.0029117806472114876,0.5277065333307491,0.5372082895966058,-0.11488379143165461,-1.29843945559333,0.5342656294508923,3.3243883330928126e-06,-8.169446613678724e-09,1,0.2,0.0029400687488667643,0.0029400687488667643,0.0008693373641654354,0.00243685949794987,4.96483774528955e-06,7.23859488010139,0.014604764102140287,7.220373843861996,7.270993628464284,0.7739747672741115,-0.6746354868903022,7.260965785014323,5.463012262467023e-05,-1.328389577242866e-07,0,0.0,0.0,0.0,0.0020031152027153508,0.0033097972710172657,2.2263471649019882e-05,0.08882937610431872,40.496740875058734,-86.05641476178545,51.79158714582585,-0.5731287163737424,-1.0572090142155548,-0.011314806291571083,3.869752594342367,62.70903010033445,956.8,69.30512246580335,0.07243428351359046,44.667827578424806,3.969839009473318,0.0,32.561088,0.009054246918170236,32.55,32.57000000000001,-3.531573460069974e-07,0.020000000000010232,-0.020000000000003126,0.5552451015495398,1.012295303233941
19,15,37.5,42.496,32.5664,48.0,9.0,39.0,47.0,-0.0007735152255762294,0.10654523795953912,-0.1460322541049207,0.7394293376068561,3.8018179479477867,19.337636511819696,70.0280112044818,856.8,100.1359076455594,116.51609330903607,236.0,50.0,0.5304635372414205,0.0025185811424818672,0.5271459011924704,0.5341598338023567,0.06963183206304499,-1.6107059203012393,0.5291650226245996,4.679031222988195e-07,1.1612640274171798e-09,2,0.4,0.004508019479984138,0.0049948165477174955,0.0019299870830776257,0.009248755171385487,3.574769211902014e-05,7.316039207628224,0.11142581213686169,7.220373843861996,7.501152406250491,0.7019171766584744,-1.269389010427168,7.22344203565495,1.1773977090442385e-05,2.9433542020135178e-08,2,0.4,0.14125167081792345,0.2777005704807136,0.11125155682762806,0.46341317411598804,0.10488935128039853,-1.2135470820312133,45.462339893091126,-107.45307060637936,56.83080153990467,-0.509026835677755,-1.0682792816316438,0.006760159568288256,4.09923395861507,62.24066390041494,964.0,54.74790711372749,0.05679243476527748,49.44904370174261,5.1414945240885075,0.0,32.551168000000004,0.012883046525176679,32.53,32.57000000000001,-2.070848813342464e-05,0.04000000000000625,-0.020000000000010232,-0.15906662243148326,7.787347304066863
19,16,40.0,44.996,45.3996,49.0,34.99999999999999,14.000000000000007,48.0,0.0005845054236653289,0.114107165599121,-0.1423088326901775,0.7349718370042801,3.6005409835770577,16.78925843368812,66.60746003552399,900.8,55.670458952661775,68.90573270780887,128.0,50.0,0.5294006886712843,0.002807948376779409,0.5246492404645913,0.533186626298389,0.09138683986427046,-1.5626440895396685,0.5317067372466016,6.451483394441128e-06,-1.570351556238377e-08,2,0.4,0.0013851249629073803,0.0014824166850310183,0.0005558833634750847,0.001828536876571826,2.213342379500374e-06,7.417161856786799,0.07328013265650395,7.233276990580052,7.501152406250491,-0.8755256391870441,-0.055558443522188306,7.2366581113918595,0.00025149605968334863,6.040753682936862e-07,1,0.2,0.26439907650517025,0.26439907650517025,0.07306608142664466,0.9023222125729035,0.18960073302663444,2.126824288142926,43.33919882464695,-107.45307060637936,56.83080153990467,-0.7027906574082702,-0.7290172762052025,-0.002042612464452699,4.336922381818025,71.15749525616698,843.2,91.27540742171465,0.10824882284358947,46.73746603997562,6.83294930369778,0.0,32.54168000000001,0.008782742289319662,32.529999999999994,32.550000000000004,-7.575556846646801e-08,0.020000000000010232,-0.01999999999999602,0.4672022739290009,4.550035220642997
19,17,42.5,47.496,32.5828,49.00000000000001,0.0,49.00000000000001,48.0,0.0023538564976142576,0.11961378386180078,-0.1845574185429555,0.7717029133081651,3.691954073383259,17.405202828458062,66.7853962600178,898.4,47.631922069133424,65.39113089708727,120.0,25.0,0.5281349815723176,0.0027085222910082684,0.523931935227293,0.5329900727602608,0.7341173861507132,-0.7916425678626395,0.53204841303871,6.681016301067098e-06,-1.608330826674547e-08,1,0.2,0.0009318376712368348,0.0009318376712368348,0.0003187919290602594,0.0007481674729869412,6.202228684863446e-07,7.380012423077409,0.05729163752140676,7.317245644098476,7.495890974638229,0.5664977810995107,-1.0738741368669076,7.48213019438715,0.00014303011553622877,-3.467791505693466e-07,0,0.0,0.0,0.0,0.0019515003793782806,0.0021111769082796544,1.994063713593229e-05,1.2015836646120515,39.704186601311115,-84.0979900086342,51.34194612108252,-0.6593060020737912,-0.93371383040629,0.0073772064230412555,3.886237362553192,68.18181818181819,880.0,68.0,0.07727272727272727,45.28643565135609,4.06774002285621,0.0,32.542448,0.008769175339801804,32.529999999999994,32.550000000000004,8.847816222632684e-06,0.020000000000010232,0.0,0.7315549735490263,1.396421921800382
19,18,45.0,49.996,9.076,49.00000000000001,0.0,49.00000000000001,46.99999999999999,0.00021819997020576415,0.11922603722877602,-0.2014676561306506,0.7717029133081651,3.7811630204584605,17.970407922144226,69.50880444856348,863.2,37.2451339103513,52.11525688318153,92.0,50.0,0.5254435421387222,0.0024868717697392336,0.5211884447698389,0.5293065402593019,-0.38056644474089274,-1.1049142163350782,0.5242370683015039,2.33717346274595e-06,5.809573373812823e-09,3,0.6,0.004016646601451068,0.005072562692608251,0.001651459885093087,0.009147762592039501,3.0365015729200655e-05,7.314958336183807,0.020510331567876364,7.275000532039288,7.363766277597352,0.16208610735265122,-0.3631214088176482,7.353796140992694,7.054377748938519e-05,-1.6888459456108926e-07,0,0.0,0.0,0.0,0.0012193158880711365,0.0011536506408661449,7.702975392423114e-06,-0.5760965489249044,40.314684621476864,-79.98851803810949,48.03985032333792,-0.5029101928416861,-1.1920643651665899,0.006692977656892011,3.585194544011884,68.4931506849315,876.0,25.298221281347036,0.028879248038067393,45.58151897659619,1.9666452896284685,0.0,32.538888,0.015061409920876612,32.51,32.550000000000004,7.375159920410514e-07,0.04000000000000625,0.01999999999999602,0.2939393485036606,1.015653763631974
19,19,47.5,52.496,0.0,0.0,0.0,0.0,0.0,-0.002538525464495706,0.10805867128233894,-0.2014676561306506,0.7462234901596398,3.9451492935749224,20.421940142549964,69.18819188191881,867.2,99.09187655908026,127.09051892253804,224.0,75.0,0.5221732637972184,0.0026610731065996205,0.5183122769948496,0.5279671005634233,0.5300218767914464,-0.5321064450044122,0.5237103053392531,3.292833030641262e-06,-7.823915785933765e-09,1,0.2,0.004257117376119002,0.004257117376119002,0.0011935864710196733,0.002728226762089243,8.606565108894038e-06,7.274261184173335,0.028022313397581006,7.2273281394910205,7.317201223997486,-0.08077478977409039,-1.3193408665345177,7.307030654722787,5.131291769991263e-05,-1.2512799302234924e-07,0,0.0,0.0,0.0,0.0024037314490385165,0.004689579578195177,3.330263605298372e-05,-2.3599649592354397,40.89438133184315,-81.36470742934107,47.94765057126577,-0.4113114884841716,-1.2383597806225113,0.0016957567994853927,3.5887347771281912,67.75067750677506,885.6,65.27480371475659,0.0737068695966086,46.37675071682374,1.9883254891210562,0.0,32.535416,0.014400488186367895,32.51,32.550000000000004,4.1258932006141265e-06,0.04000000000000625,-0.01999999999999602,0.5206982242910252,1.4375143751437491
19,20,50.0,54.996,0.0,0.0,0.0,0.0,0.0,0.0015802491057191439,0.12115443209024936,-0.1847633911095632,0.8103756998266769,3.7406787519043503,17.49342146734093,72.522159548751,827.3333333333334,94.43445698825543,140.6840431605518,280.0,60.0,0.5210084552881977,0.0019317976937555587,0.5165652369094564,0.5238553530819006,-0.3489359796964556,-1.1152359100753475,0.523007222505345,6.3121883284957535e-06,-1.5265110840502892e-08,1,0.2,0.000733986991776514,0.000733986991776514,0.00019536978825845217,0.0003627921094807682,2.1725910323221435e-07,7.234233366369619,0.018667600956337918,7.211961549993084,7.274912172805825,0.649632610360896,-0.8631054738751338,7.264797578116363,7.935855462338668e-05,-1.9412629163204955e-07,0,0.0,0.0,0.0,0.0017104325527265577,0.0023454002351582237,1.573501331706243e-05,-1.6094837816964134,40.00735215972384,-83.34538343935859,50.085323854202514,-0.44629690851945336,-1.1539056878415086,-0.004551152175420651,3.8038598931309626,70.15902712815715,855.2,139.86850967962732,0.16355064274979808,44.08788167464342,7.985009134696892,0.0,32.533288,0.007196622679511498,32.529999999999994,32.55,-1.3169354988360029e-05,0.020000000000003126,-0.019999999999988916,-0.0008826918016094329,2.363132420593857
19,21,52.5,57.496,0.0,0.0,0.0,0.0,0.0,0.0005051130379453,0.12929950836699616,-0.1847633911095632,0.8103756998266769,3.46434425605855,14.607359557924145,75.69386038687973,792.6666666666666,34.35500933876553,40.87052727822336,100.0,20.0,0.5194114978910591,0.0027826116341532667,0.5150857102336153,0.5237375782978203,-0.05163914783847871,-1.393522897114875,0.5219887630351393,3.027998320939479e-06,-7.254399023097944e-09,2,0.4,0.0011954570358574945,0.001741218334163963,0.00043072636945203037,0.0011517044794823077,1.1932102688857337e-06,7.2286259874523,0.010935405368284124,7.211961549993084,7.244239662200202,-0.015273214414337391,-1.4218300721694936,7.218597236076746,7.1496121671118125e-06,1.773186597107607e-08,1,0.2,0.025637033173595114,0.025637033173595114,0.009616607974797776,0.055262770845657255,0.001073703327609066,0.29662817213577,40.58353547051274,-84.8199399282002,51.78882365040914,-0.5399870857249479,-1.0606173260358946,-0.008741583689558055,3.8309804512376227,72.81553398058253,824.0,45.37253207246281,0.05506375251512477,49.047774879321445,3.1868188979290575,0.0,32.532672000000005,0.0065637202044209865,32.529999999999994,32.55,1.109306053956949e-05,0.020000000000003126,0.01999999999999602,-0.7207464704910579,2.878326406297205
19,22,55.0,59.996,0.0,0.0,0.0,0.0,0.0,-0.0019144086052878854,0.11718659665076035,-0.1521241842350403,0.7362917366246304,3.601942146169068,16.585322793108396,80.28545941123996,747.3333333333334,117.23253245864251,111.65661646315458,324.0,40.0,0.5163791536336984,0.002283624284011991,0.5122979123133172,0.5194940697642058,-0.1164460266944857,-1.2682228819074461,0.5161189157044129,5.084777205427836e-07,-1.3790478123477029e-09,2,0.4,0.0032133170660074706,0.0033749400741790447,0.0013678557143150536,0.005558845543898485,1.5529735596142395e-05,7.22678701055902,0.013655100392722459,7.200845347497988,7.244239662200202,-0.3678521307853224,-1.2055047032446418,7.217596046498127,4.697866451566116e-06,-1.2302029969625118e-08,1,0.2,0.026636639075245938,0.026636639075245938,0.0101009836588184,0.05896681948832395,0.0012055818252664184,1.404690048581847,39.865457629008425,-84.8199399282002,51.78882365040914,-0.6135752380948531,-0.9712322929052721,-0.005189576552214872,3.914195437785063,74.9375520399667,800.6666666666666,36.95763340186526,0.046158576272104825,48.08527077654532,2.646883682144863,0.0,32.533296,0.014188341857260157,32.50999999999999,32.55,2.9924985552271426e-06,0.04000000000000625,-0.020000000000010232,0.6288734170315416,5.347907371273251
19,23,57.5,62.496,0.0,0.0,0.0,0.0,0.0,0.0002938730130094781,0.11031365673316304,-0.1521241842350403,0.7734510270680959,3.920808918047827,19.946845637057653,74.81296758104739,802.0,127.21635115031401,129.38006028751107,380.0,80.0,0.5147816315283986,0.002939026072060703,0.5076056333512128,0.5191703675372416,-0.7368110109577083,0.22635179229635982,0.5179310036328939,5.910027502141558e-06,-1.4298261476695603e-08,1,0.2,0.0012267697757724072,0.0012267697757724072,0.0003342929888079233,0.0006147629803042359,6.343461337722418e-07,7.201966517106543,0.015460880379156973,7.178985400672046,7.229826458382458,0.17813143094302383,-1.140302752238072,7.220137707511557,6.941417677916906e-05,-1.7291544824500412e-07,0,0.0,0.0,0.0,0.0023929156882206083,0.0046017509851126095,3.287759160893423e-05,0.6784331278285217,40.41385827274861,-89.14769237569705,55.92154896518812,-0.5796144951748876,-0.978222256770767,-0.0035289584751177954,4.117069030328346,74.07407407407408,810.0,48.44791017164724,0.0598122347798114,49.34882781559765,4.498103742751131,0.0,32.531408,0.017018341292925225,32.50999999999999,32.550000000000004,9.542907867483701e-06,0.04000000000001336,-0.01999999999999602,0.586670388628511,0.7388935069733122
19,24,60.0,64.996,0.114,2.0,0.0,2.0,0.0,-0.0007534266541667357,0.11104311244242056,-0.141797506344262,0.7734510270680959,3.930230700807035,19.707063479558755,72.46376811594203,828.0,125.70441519692139,164.0,344.0,60.0,0.5127025507757952,0.0029430384108834954,0.5076056333512128,0.5176455480321237,-0.044694562941469354,-1.1597888945326782,0.5130995669080847,1.8839963255323447e-06,-4.967914726214026e-09,3,0.6,0.002543311432878448,0.0045444759828929815,0.00147487403530646,0.005368540589111001,1.6635987351552537e-05,7.181069663435934,0.009993170823831004,7.162224108047765,7.20081038549326,0.16604641574218018,-0.6257386714866562,7.191430926562763,5.163410188238608e-05,-1.292017331566518e-07,0,0.0,0.0,0.0,0.0023143351691503637,0.0047409219985958696,3.128969733524406e-05,-1.6967143299011456,45.06161789118463,-92.81554492323494,55.92154896518812,-0.48585937869577706,-1.1341681828654033,-0.007083034795534398,3.772111473204828,71.7017208413002,836.8,143.76091262926792,0.17179841375390525,49.904759184225554,9.617420598801022,0.0,32.534240000000004,0.013978984364916926,32.50999999999999,32.550000000000004,7.755453283488692e-06,0.04000000000001336,0.0,0.4786950888648113,0.7620472746418301
19,25,62.5,67.496,0.3884,2.0,0.0,2.0,2.0,0.0017240803651272579,0.11632079220788663,-0.141797506344262,0.7330112351968001,3.6776934934069314,16.964614227030463,64.43298969072164,931.2,89.4606058553149,58.27520913733386,212.0,50.0,0.5102050219549773,0.002212079875091415,0.5061414809000081,0.5136802096896925,-0.32251868216660307,-0.9334071047534644,0.507269382913991,4.399442657168639e-06,1.0562881631821629e-08,4,0.8,0.004627632590525399,0.006409728034658668,0.0020320832157420692,0.015225370454127793,6.705406692705007e-05,7.162812027690369,0.011905925641683907,7.142857352964281,7.178992197563242,0.0067670007275544035,-1.4088469443081337,7.169816395142091,2.4125688935229422e-05,-6.025495299445372e-08,1,0.2,0.009127771778662641,0.009127771778662641,0.003596705915507344,0.012158657963705993,9.428488680713651e-05,0.7489026522334549,45.88342356367444,-94.45856515316912,55.03658193020947,-0.5687972288567467,-1.0359646896912904,0.0018687675121637612,3.6971333774388278,69.89748369058714,858.4,84.59787231366992,0.09855297333838528,52.167462441351084,3.4683039282757364,0.0,32.52745600000001,0.013826743042458624,32.50999999999999,32.55,-2.6609762950243627e-05,0.04000000000000625,-0.020000000000003126,0.3237502072924621,5.464493999865496
19,26,65.0,69.996,0.2744,2.0,0.0,2.0,2.0,5.538790297300587e-05,0.10808299726797875,-0.1371131217080204,0.7349873916825571,3.9659516254763822,20.43672458076435,62.03473945409429,967.2,68.19970674423755,84.75848040166836,188.0,75.0,0.5086296205594556,0.002302123529648494,0.5038766365216886,0.511862453461738,-0.3001535491796183,-1.202845119076975,0.5110581272742131,6.124773295957491e-06,-1.497695683673735e-08,2,0.4,0.0006835091138948091,0.000807312610385913,0.00019818557355327825,0.0004429740790699579,2.3569428643946266e-07,7.141654327404723,0.011979453298333305,7.122036951179344,7.1621783670792345,-0.058760781591100895,-1.3597655638293014,7.1531375742853225,3.246995470536671e-05,-8.102367521047665e-08,0,0.0,0.0,0.0,0.0019637123343795504,0.004333415754594467,2.305220577747165e-05,1.4546996617361485,45.72661217184443,-94.45856515316912,55.03658193020947,-0.5887996604553675,-1.0524824555879262,-0.007466553488521349,3.6863369193802002,62.814070351758794,955.2,63.83729317569785,0.06683133707673561,51.1919557690672,2.5967481938186716,0.0,32.518015999999996,0.009111182329886051,32.50999999999999,32.53000000000001,5.30213203339022e-06,0.020000000000017337,0.0,0.4563353017966193,0.7793308976645008
19,27,67.5,72.496,0.0,0.0,0.0,0.0,0.0,-0.002028920398271561,0.11101239064031442,-0.1859228982713996,0.7598949676211921,3.9890375286076263,20.59376380424001,63.1578947368421,950.0,46.01449047129973,66.2117814289874,104.0,33.33333333333333,0.5067954686994244,0.0024139589169481644,0.5021637085127469,0.5118006695081329,0.2430900235065894,-1.035412197695909,0.5109708705923645,7.87448925381349e-06,-1.9249928321716878e-08,0,0.0,0.0,0.0,0.00010545329105220859,9.644575523934229e-05,5.74806920762124e-08,7.12237886904155,0.01015674564216729,7.10594208396174,7.142829980496712,0.23924006961282315,-0.9951589000150216,7.133420951976391,5.9112339428301424e-05,-1.4445014528492613e-07,0,0.0,0.0,0.0,0.0021125600480167593,0.003830621476757264,2.5259821810482567e-05,-1.242121721595536,46.02449223950772,-90.50933778404683,52.78406982296143,-0.47162597983058224,-1.2084227868535613,0.0007709560539034498,3.5212607884986986,60.66734074823054,989.0,178.05991500990146,0.18004035895844434,50.3627272873706,1.9913315540825622,0.0,32.518064,0.009092197050109043,32.50999999999999,32.53,5.509041605786207e-06,0.020000000000010232,0.0,0.708982436954675,2.490553988611566
19,28,70.0,74.996,0.0,0.0,0.0,0.0,0.0,0.0008709112449602859,0.12163249494775272,-0.1859228982713996,0.7598949676211921,3.611662766609404,16.415614105237253,66.72597864768683,899.2,39.93995493237317,52.11525688318153,92.0,25.0,0.5040013732393713,0.0023653068748287305,0.4991164146397137,0.5073659720178918,-0.4016464204884305,-0.9040277553872018,0.5035214557619233,1.4320999526075687e-06,3.5939319607248603e-09,3,0.6,0.0030632354487735527,0.0038454906184188786,0.0013593981113468369,0.00636088539823826,1.733205217499606e-05,7.106699779175836,0.008297099474948066,7.090549154618631,7.122000338286368,-0.0667641431170987,-0.9907386734068617,7.113048279153736,3.107043438989081e-05,-7.519141075839798e-08,0,0.0,0.0,0.0,0.0021850392658449634,0.005072640549202751,2.9035246387427546e-05,1.7456305904518752,48.34227175185373,-102.923701318221,60.35280174551335,-0.5879931382527956,-1.026549341605842,0.006913723671026983,3.8241574137657106,65.84723441615452,911.2,85.01294019147909,0.09329778335324745,52.70444482237128,5.290211463879608,0.0,32.517543999999994,0.009877772971045798,32.49,32.53,-4.518658891935116e-06,0.03999999999999915,-0.01999999999999602,0.2832214828953416,0.8787442315323091
19,29,72.5,77.496,0.0,0.0,0.0,0.0,0.0,-0.000319731807667816,0.10941961652360478,-0.1561143148140227,0.7395195586276504,3.9097443491933883,19.999592586810902,65.55944055944056,915.2,101.40611421408475,131.13351974228405,236.0,50.0,0.5019736105409314,0.0023612084218337047,0.4986964007501669,0.5054352404805582,0.17799451745361594,-1.5900537284607077,0.5018031603309342,8.087472034314776e-07,-2.0406370712623877e-09,2,0.4,0.003395627862958661,0.0036320901627118207,0.0014485248634754095,0.005749950703537886,1.7096652190355887e-05,7.090765204252464,0.010136742812164421,7.072538246841776,7.105934035301537,-0.06579859374919418,-1.3270416625999082,7.096828326996489,1.6217656160571746e-05,-4.016680133815597e-08,0,0.0,0.0,0.0,0.0029988763745621063,0.009408791612446163,6.270366494157488e-05,0.25713257635414627,51.77683193220748,-103.18885455080148,60.35280174551335,-0.5355412204398308,-1.1183390719109272,-0.0030937260681705063,3.5739550513928933,64.1573994867408,935.2,92.83964670333468,0.0992725050292287,56.60000874203748,2.9168356923722847,0.0,32.509992,0.012124395533515504,32.49,32.53,-1.5393279611687665e-05,0.03999999999999915,0.0,0.2611395583525568,1.4020410726997596
19,30,75.0,79.996,0.0,0.0,0.0,0.0,0.0,-0.001067715236585109,0.1100753263225662,-0.1610016698788689,0.781108950734733,3.9997432790303904,20.851918085601987,63.09148264984227,951.0,59.00282479113465,86.8408506023135,128.0,100.0,0.50106237483259,0.002320053902319446,0.4975667217533051,0.5049617927427632,0.16892312112652721,-1.2312642798327886,0.5037565802378494,6.047125551523721e-06,-1.4742294113791706e-08,1,0.2,0.0011944433351388506,0.0011944433351388506,0.00035884215770481167,0.0007351622255596282,7.519284719123586e-07,7.072491699601467,0.010346025469664254,7.058104647706104,7.090521969675039,0.12007986293050096,-1.4172969723006663,7.081402137837374,6.533936993843055e-07,-6.187126269065456e-10,0,0.0,0.0,0.0,0.0023230730548689754,0.00590013964643202,3.396718743150416e-05,-3.261942060800405,48.95754164365664,-103.18885455080148,58.53126580375773,-0.40620718834424707,-1.1842496212181437,-0.0001897655190452793,3.764451217262051,62.17616580310881,965.0,77.24420150837645,0.08004580467189269,54.202288379292554,4.7191886207942195,0.0,32.505992,0.0075743104441123735,32.49,32.510000000000005,1.151489760958031e-05,0.020000000000003126,0.0003124999999997158,0.4684629138097126,0.9153168467334609
19,31,77.5,82.496,1.1116,6.0,0.0,6.0,5.0,0.0005267415278007476,0.11834905747620222,-0.1610016698788689,0.781108950734733,3.7550472950354425,17.843090730815376,62.55212677231025,959.2,63.52322409953701,76.78541528180986,144.0,50.0,0.5000241718949409,0.0019002939731294203,0.4973067018619666,0.5029092841703733,0.14031930233790316,-1.2895181711351646,0.5001570852865866,6.328554532384254e-07,-1.6032739266508283e-09,3,0.6,0.0013011630711868467,0.0027514429480784974,0.001062179902176981,0.0037253370485566158,8.415272025304729e-06,7.066711320564285,0.00510472575556613,7.058104647706104,7.074790290612904,-0.13046635097204304,-1.195218763172083,7.063911627920627,7.1614347994226486e-06,-1.2147964127610855e-08,1,0.2,0.01088127230299829,0.01088127230299829,0.0037366387153710936,0.019487284264589445,0.00014587446810540559,1.5465884220218225,46.94356725275537,-98.85007699755766,57.070079285973776,-0.5616370148113988,-1.0370837639004309,0.00439958445512881,3.7720842722867265,59.46481665014866,1009.0,132.55942063844427,0.131377027391917,51.99814427387596,3.600542515513106,0.0,32.502008000000004,0.009442505948157293,32.489999999999995,32.510000000000005,-1.339653977378614e-05,0.020000000000010232,0.0,0.2235227531911339,3.0873101221615897
19,32,80.0,84.996,1.2336,6.0,0.0,6.0,5.0,-0.0002514455451561626,0.1077034999791304,-0.1427021206664226,0.741317268077984,3.9326990591929203,20.625398257013078,62.047569803516026,967.0,39.1066916694999,66.2117814289874,92.0,66.66666666666666,0.49805844836884855,0.0018773039398708394,0.49437492034234,0.5010100749776945,-0.1623192604723994,-1.099473032107663,0.4972706435915827,9.043539511577098e-07,-2.4334330101675842e-09,2,0.4,0.0034615682346174625,0.003738651041818808,0.0013204053038040145,0.006230327310773387,1.6490449840706737e-05,7.062559612899847,0.00898629949057377,7.045656050295015,7.074790290612904,-0.30799667452703733,-1.2751713749756135,7.053491552698758,1.0569614405022208e-05,2.159815079360715e-08,1,0.2,0.021300815819182084,0.021300815819182084,0.007763832651470045,0.049580061674377944,0.0007931211421693778,-0.8054369989104467,48.02456412265961,-98.85007699755766,57.070079285973776,-0.4929436150253123,-1.148601136951657,-0.019082168846932975,3.6853210431898376,61.162079510703364,981.0,168.80363345220584,0.172073020848324,52.58330019393138,2.570166810089977,0.0,32.501576,0.014654665601448593,32.489999999999995,32.53,1.2168926828116986e-05,0.04000000000000625,0.0,0.546680659460109,0.885490292812662
19,33,82.5,87.496,0.122,5.000000000000001,0.0,5.000000000000001,0.0,-0.00022326063054660717,0.11327619792743075,-0.1430243834386339,0.766749083006057,3.842498321348601,19.27382231416209,69.44444444444444,864.0,99.91996797437437,142.61837188805654,272.0,50.0,0.4963691683404191,0.002581299340175998,0.4910069893047094,0.5007754560694148,-0.0526735305825494,-0.6248128292925741,0.499357570987046,6.7050418820100385e-06,-1.635858370767197e-08,1,0.2,0.0014218593166895332,0.0014218593166895332,0.0003889360047342456,0.0007867519689854002,8.798237458965551e-07,7.04475769546972,0.011609803275798282,7.025851083402536,7.066033132738338,0.014008512735267216,-1.204438480733979,7.057022285667081,4.027659102667991e-05,-1.0083857453364976e-07,0,0.0,0.0,0.0,0.0019702644141922614,0.0037784904004851683,2.2276554254205006e-05,-0.6545665545117499,45.85958644025063,-94.55501462759304,52.78444602208899,-0.5352736286377978,-1.1004336295689376,0.0077913406425660255,3.6554536038969636,64.23982869379014,934.0,34.64101615137755,0.037088882389055194,50.849547764228,1.6740161922590664,0.0,32.499064000000004,0.014826894891200487,32.489999999999995,32.53,-2.9802238593417813e-05,0.04000000000000625,-0.01999999999999602,0.3877338109651188,5.204615750654298
19,34,85.0,89.996,0.0,0.0,0.0,0.0,0.0,0.002485347075549093,0.12193321010834142,-0.1643245099475893,0.766749083006057,3.6316942593421646,16.581571795758325,67.26457399103138,892.0,33.58571124749333,44.49719092257398,84.0,50.0,0.4962318985806933,0.003156344614521077,0.4895682859004389,0.5022763570890888,0.061016661216653646,-0.7830794969927841,0.499104693637349,6.872226675253881e-06,-1.6574905308654694e-08,2,0.4,0.002415895124678963,0.003176840798408853,0.0007689359798193361,0.0018366342495462634,3.630260473809707e-06,7.023859058354003,0.012631001699623482,7.000375904441442,7.045612277160061,-0.13160023925675166,-1.1753221225534762,7.03659633315611,4.453013683109276e-05,-1.077289603702538e-07,0,0.0,0.0,0.0,0.001960373061976073,0.004173590160918442,2.2713443819391155e-05,3.813606428314978,46.991429462886046,-95.39601668489438,52.78444602208899,-0.7193727474478244,-0.9118039506021702,-0.004725185645524882,3.5360679598352864,65.78947368421052,912.0,38.47076812334269,0.042182859784366984,51.38975186050589,1.6812321867183198,0.0,32.490520000000004,0.002592774186539098,32.489999999999995,32.51,2.410139142499685e-06,0.020000000000003126,0.01999999999999602,0.1457887630715831,1.4751003068208632
19,35,87.5,92.496,0.0,0.0,0.0,0.0,0.0,0.0012453805826463475,0.11618558296159802,-0.1643245099475893,0.7519770160461565,3.7647237977749866,17.993647400885884,66.13756613756614,907.2,36.48561360317242,50.19960159204453,92.0,50.0,0.4947573418593636,0.003064296054501382,0.4893595619001917,0.5022763570890888,0.46044033013393326,0.007111210801820977,0.49176680355210345,5.236149481753103e-06,1.2256217820899369e-08,3,0.6,0.006656748886993802,0.010508718228316782,0.002757719537513074,0.016055683064930423,8.958245634750981e-05,7.000330825305329,0.014479778537629724,6.976957961658912,7.025827468774635,0.09658627157314803,-1.2627103274177736,7.016364055612449,2.922382644763468e-05,-7.233525107431845e-08,0,0.0,0.0,0.0,0.0022890800079768906,0.004462639283407497,3.0195073490965668e-05,-0.5412421511245189,48.90190076368649,-97.5132319969867,57.84773583435929,-0.516559719250095,-1.1840846300822574,0.004179606125818143,3.5880792807460904,66.07929515418502,908.0,27.85677655436824,0.030679269333004668,53.26931605277493,3.0831673262807455,0.0,32.494040000000005,0.007606558273398106,32.489999999999995,32.510000000000005,2.906881860404738e-06,0.020000000000010232,0.0,0.4268769659240481,0.0582709833811208
19,36,90.0,94.996,0.0,0.0,0.0,0.0,0.0,-0.002417072188826811,0.10731282928559689,-0.1594251149303566,0.7436459192508658,3.964800205998426,20.723065371209728,63.96588486140725,938.0,44.840457922133965,60.266076693277455,100.0,66.66666666666666,0.4911010567296052,0.002728362484852465,0.4856802456622538,0.4959672321188531,-0.16170730139976894,-0.8486000607310125,0.4894109317320927,3.1611174297602075e-06,7.365293333079084e-09,2,0.4,0.005182052714719054,0.0065572615994873296,0.0020856155003383097,0.010857626811831611,4.532457527468558e-05,6.977580592529779,0.011930165223740234,6.954832731698663,7.000332943049456,-0.017181873748546624,-0.8587822355744552,6.991143935592633,6.212064272008578e-05,-1.5166217442782538e-07,0,0.0,0.0,0.0,0.0020023488539435224,0.003426072988127615,2.2403329104237215e-05,-3.6538376510983026,47.24407474413908,-97.5132319969867,57.84773583435929,-0.3676462304070377,-1.2383370225194632,-0.004396054707656472,3.74993554829218,65.86169045005488,911.0,35.98147671603636,0.039496681356790735,53.68668479536642,4.365812909728619,0.0,32.493520000000004,0.0074027685205606516,32.489999999999995,32.510000000000005,-1.3903266498059384e-05,0.020000000000010232,-0.01999999999999602,0.45644993280072343,1.895805588647633
19,37,92.5,97.496,0.0,0.0,0.0,0.0,0.0,-0.0008512065790405277,0.11118804336761011,-0.160182028300464,0.7652823737369955,3.840478102590908,19.637863457379922,70.15902712815715,855.2,139.66817819388925,187.32858831475778,356.0,50.0,0.4890836296584186,0.0020346417581371297,0.4854897111196304,0.4932196014191377,-0.03251158268706828,-1.0137871516098018,0.4922244103596284,7.40762630617808e-06,-1.7977176224829027e-08,1,0.2,0.0009740894705364544,0.0009740894705364544,0.0001755049472996388,0.0001965245553919288,1.6176440263700395e-07,6.955731851551707,0.013380719111326959,6.932911760486648,6.9769208839533015,0.01840245407293697,-1.3482294285557397,6.9680178429283375,3.492438799471664e-05,-8.469024005973493e-08,0,0.0,0.0,0.0,0.0023976855237341065,0.006183413619853788,3.641201400383853e-05,1.3008651072163302,47.6216388552744,-97.80240601227403,56.73667349429334,-0.5804121350793385,-1.0488859128417118,0.006025163541904581,3.691758244262993,66.07929515418502,908.0,80.99382692526635,0.08920024991769422,53.54435245909955,2.7471709056089244,0.0,32.493952,0.007518992063675402,32.489999999999995,32.510000000000005,1.047788190586388e-05,0.020000000000010232,0.0,0.22205208921789232,4.07973197397213
19,38,95.0,99.996,0.0,0.0,0.0,0.0,0.0,0.0005508346439546236,0.11921280707168146,-0.160182028300464,0.7652823737369955,3.7575454033037756,17.656966783505027,67.26457399103138,892.0,50.99019513592785,57.723478758647246,124.0,50.0,0.48833558480866524,0.0018829460274103174,0.4845393835424909,0.4914273935055465,-0.029688829094024087,-1.210818268138525,0.49018881364340106,3.978518015043853e-06,-9.7559719003745e-09,2,0.4,0.0011068205929111175,0.0012358165081177708,0.0003359402819324371,0.0007234383036869555,6.689891500393653e-07,6.936842499727673,0.008323045888866499,6.9240054570736165,6.954789497196483,0.5489430333804696,-1.0523394943691606,6.945919337624966,6.066518544510992e-05,-1.4871990699578345e-07,0,0.0,0.0,0.0,0.001876247248894992,0.003836456403654776,2.0557880442086347e-05,3.894376453787952,47.176999381127295,-97.80240601227403,54.69335131714312,-0.6843913495415377,-0.9403740605833883,-0.002765593336416351,3.6268142998334554,63.559322033898304,944.0,105.37551897855593,0.11162660908745331,52.39321643798883,2.181156284123985,0.0,32.49352640000001,0.008066506044164671,32.471333333333334,32.510000000000005,-1.0473052718733514e-05,0.03866666666667129,-0.018666666666668164,0.6287120814751102,3.705251957133079
19,39,97.5,102.496,0.0,0.0,0.0,0.0,0.0,0.0021865888536420526,0.11682233227880023,-0.1527159354435332,0.7450113277149062,3.805566202411208,18.014461510576375,65.44502617801048,916.8,72.13321010463903,84.30895563343196,188.0,100.0,0.4864138002517618,0.002191358656931289,0.4821687142270784,0.4898000416407507,-0.17845333455092627,-1.0686054814323231,0.4852049360539786,4.98489335459199e-07,6.913481062999511e-10,3,0.6,0.0032708850289949742,0.004594717708547746,0.0016034848826181373,0.00836719103989661,2.6865155088749177e-05,6.9232877441763545,0.007614488458004472,6.909203266807855,6.932884092289895,-0.5439509239528082,-1.1680445564644426,6.924488242945273,1.777067808746068e-15,2.9642632571274634e-18,1,0.2,0.00675887548088383,0.00675887548088383,0.002971919369551435,0.013252522711465278,7.93411354597254e-05,-0.8959218856784108,44.93088780103056,-91.78627976775748,52.00574969400105,-0.4945816862115683,-1.1905064656167348,0.009121355913297595,3.609847565305418,67.8119349005425,884.8,121.37215496150671,0.13717467784980417,49.18219088662952,3.080784935875624,0.0,32.483568000000005,0.008813673985839071,32.47,32.49000000000001,-1.331315540041122e-05,0.020000000000010232,-0.020000000000003126,0.29725110987203657,2.366908722532017
19,40,100.0,104.996,0.0,0.0,0.0,0.0,0.0,-0.0006777566381153139,0.11022079996920628,-0.1692505158479172,0.7450113277149062,3.78007889835592,18.841774737714644,69.31608133086876,865.6,195.72633956624233,202.15835377248203,476.0,75.0,0.4839375641260511,0.0028311028603042443,0.478400880666174,0.488041408843718,-0.19784827964136262,-1.05842590523476,0.4841565682009078,2.1230084170542713e-06,-5.324215543015021e-09,2,0.4,0.0019976484334450206,0.0038853489468139712,0.0014619830766855262,0.0053456424840338315,1.6395132782452427e-05,6.909393627182238,0.009038331086329652,6.89344320758708,6.923976159415657,0.004181289978940345,-1.0232888151639377,6.915240870336282,9.733857642542101e-06,2.474178981412348e-08,0,0.0,0.0,0.0,0.00294832848608128,0.008241922341362581,5.707211547801926e-05,-1.900535260543207,45.92582433300733,-102.62949576191222,58.40938892585162,-0.4183685327170341,-1.128628829153794,0.005622970067182635,4.007804118138103,65.43075245365321,917.0,95.46378021707152,0.10410444952788606,51.60769121510252,6.142564609073669,0.0,32.4784736,0.009358345093555915,32.46999999999999,32.49000000000001,8.1187523320184e-06,0.020000000000017337,0.01899999999999835,0.3939394356112483,3.8853288772155423
19,41,102.5,107.496,0.0,0.0,0.0,0.0,0.0,-0.000713680218518705,0.11498442473334991,-0.1692505158479172,0.7701756048991134,3.755616925600069,18.454982310485235,67.62849413886384,887.2,118.63894807355635,108.7382177525455,320.0,75.0,0.4830558814509427,0.0023321460122969462,0.478400880666174,0.487563988155407,0.04434809932683269,-0.5283752371135009,0.486596011579085,8.225480745936451e-06,-1.982168020436296e-08,0,0.0,0.0,0.0,0.00020843592131203613,0.0003337813798568656,2.3958867806861783e-07,6.894421815948588,0.008692362105752166,6.88194167470159,6.909171198258072,0.26672081870365155,-1.28519493415876,6.900487686656233,5.7967528542531745e-05,-1.4259465129453503e-07,0,0.0,0.0,0.0,0.0027414139126775536,0.0077506085119150225,4.961397721790525e-05,0.8380866174035213,46.964578767165484,-102.62949576191222,58.40938892585162,-0.5323574578808804,-1.0012975112376308,0.007498004320199817,3.918667929863489,67.56756756756756,888.0,111.78550889985696,0.1258845820944335,51.990678737463554,6.023429316377201,0.0,32.484480000000005,0.00873564090863108,32.46999999999999,32.49000000000001,1.9158745061638845e-05,0.020000000000017337,0.020000000000003126,0.12198063714072145,0.0609265712962781
19,42,105.0,109.996,1.6216,10.666666666666668,0.0,10.666666666666668,6.51666666666669,0.0012064951604387323,0.12266959035606957,-0.1587168005138839,0.7701756048991134,3.7423217103381488,17.305111196347056,64.2123287671233,934.4,81.71168827040597,108.84851859350222,228.0,100.0,0.48215919761657605,0.001608565477117147,0.4788324703663648,0.4846200572465933,-0.2794454548584384,-0.798372178077682,0.482414689003059,1.6448117682737558e-06,-4.275317735092922e-09,2,0.4,0.001513522430635461,0.0022030145612974006,0.000763190184655935,0.002758873832607223,4.433932642043707e-06,6.88625258149523,0.0038971248815925985,6.8789128792781735,6.893401206269399,-0.25818850300610346,-1.1318923279834372,6.885024437310727,1.9092104229905607e-05,-4.46852752766523e-08,1,0.2,0.00644934198208702,0.00644934198208702,0.002478805936735049,0.011965296808382084,5.942094696447131e-05,0.12623761889406088,49.09523733539487,-109.12194387546924,58.91901748424039,-0.599029640817781,-0.9829034988218739,-0.0010870157654239287,3.9094871963584232,64.87889273356402,924.8,100.45496503408879,0.1086234483500095,52.20390174690514,5.087909677216654,0.0,32.48160000000001,0.009708910924749237,32.46999999999999,32.49000000000001,-2.3366568554580717e-05,0.020000000000017337,-0.020000000000003126,-0.2598552746884076,0.6665639664407195
19,43,107.5,112.496,11.203600000000002,32.0,0.0,32.0,23.700000000000045,-0.002412159953682776,0.1112844334280841,-0.1610815763719709,0.757646362491644,3.9365811916513986,19.90290742633729,66.44518272425249,903.0,55.26903895190024,58.1033561853358,128.0,33.33333333333333,0.4800504608630707,0.00161877661389206,0.4776629338941417,0.4822777362367045,-0.13158288241383195,-1.519523466425015,0.4800748738981562,2.607814697849646e-08,-5.0303169914902914e-11,2,0.4,0.0021484702410194956,0.002202860870636425,0.0008308617276003447,0.003572639166708077,6.002059367103556e-06,6.96913983662789,0.10464113057006567,6.8789128792781735,7.146890641289749,0.6905756566572868,-1.2882034270447555,6.882318433589835,1.2315217077739984e-05,2.9629328690168956e-08,1,0.2,0.009169315557454816,0.009169315557454816,0.10434870435137947,0.435249191618738,0.09238308319420638,-3.627488061321074,48.82906944650011,-109.12194387546924,58.91901748424039,-0.48465539570257476,-1.1355660307698932,-0.0045637103981931324,3.9368390405535343,63.29113924050633,948.0,110.56219968868203,0.11662679292055066,51.813473469027244,5.246972315876106,0.0,32.4716,0.005119424556515437,32.46999999999999,32.49000000000001,-7.046558109775208e-06,0.020000000000017337,-0.020000000000003126,-0.8015929283322767,3.1540434837461575
19,44,110.0,114.996,29.4992,43.00000000000001,9.999999999999998,33.00000000000001,43.0,0.0007143338228714507,0.1100717616750108,-0.1610815763719709,0.7320629725225876,3.706047653821245,18.20797748342569,67.26457399103138,892.0,125.76167937809991,130.3073290340954,308.0,50.0,0.4793060687279638,0.0015901560951692528,0.4749020098230971,0.4821689353308956,-0.3882834761576343,-0.17745601181637927,0.47943075952897596,2.7845870709012264e-06,-6.9677085454846134e-09,3,0.6,0.001760933378372187,0.002733607241540703,0.0007844194561897239,0.0029673085632528694,4.836397140721592e-06,7.0875399714800675,0.07326344024216662,6.8862488125041015,7.147051022299599,-1.5195239965365028,1.052270230514769,6.8903557307880865,0.00025237597184354525,6.054718727657117e-07,1,0.2,0.2565546881841154,0.2565546881841154,0.0729712196563412,0.9856341651134866,0.22105153726739138,1.3320878264547453,44.02723108976682,-90.91609341790044,53.94457610817807,-0.5924486809917784,-1.0274882753327594,0.004330122879582011,3.7475888185102453,69.76744186046511,860.0,145.0241359222664,0.16863271618868186,47.70307008176138,7.2278089677036625,0.0,32.469549538461536,0.002322012271807071,32.45153846153846,32.470000000000006,-2.092449240704141e-06,0.01846153846154408,-0.018461538461536975,-0.365066353062721,2.5028678694337287
19,45,112.5,117.496,22.99,43.00000000000001,0.0,43.00000000000001,43.0,0.0007542492168041562,0.11459866332327062,-0.1515592051436473,0.7394911178786414,3.6406898485496995,16.9776297040894,63.39814032121725,946.4,36.616935972306585,48.41487374764082,88.0,25.0,0.47758157196078954,0.0023741925534434194,0.4740741215383627,0.481400752590072,0.08197494916995206,-1.4947126377759323,0.4780203858623987,1.933722690943075e-06,-4.9504717602281754e-09,2,0.4,0.0026807275129418218,0.003379649235113358,0.0011351410492853962,0.004389991317594169,1.0294980519428189e-05,7.088206733856621,0.03881241497728749,7.027573857973885,7.147051022299599,0.04279493782119524,-1.3632310700154289,7.135644010208457,5.9678688995240344e-05,-1.4587966564176882e-07,1,0.2,0.011249627802733642,0.011249627802733642,0.0031577093902022653,0.006361593698403251,5.7966298175830056e-05,2.9713997203469975,43.64167120708627,-94.84901792198512,53.94457610817807,-0.6377060735503228,-0.9716043384931057,-0.007775801034089261,3.842299966913223,64.54388984509467,929.6,43.96362132490908,0.0472930521997731,48.880813002942745,3.997423932340142,0.0,32.453176,0.01737343221023272,32.42999999999999,32.470000000000006,-4.4757256164634784e-05,0.04000000000001336,-0.03999999999999915,0.7091259897949751,1.14574952387742
19,46,115.0,119.996,3.0728,40.0,0.0,40.0,10.250000000000341,-0.001754516558892335,0.10933195059090396,-0.1595988707010141,0.7537386605288316,3.9223783654299176,20.13064340649053,67.99637352674524,882.4,69.66204131375997,52.687759489277965,172.0,50.0,0.47596705252397353,0.0016111850739515038,0.4723418120711093,0.4786052254203436,-0.11492409205262996,-0.9300445162472197,0.4744606289036116,1.6730559160145608e-06,-4.221915536309087e-09,4,0.8,0.002524003246443793,0.0041459511009140915,0.0013870834590627473,0.008303219406611582,2.340383667276471e-05,7.03118027632092,0.027041572977683805,6.990677942351136,7.085562031744596,0.33387782080460693,-1.028066809212547,7.075449660225118,8.185866150952419e-05,-1.9971151170724017e-07,0,0.0,0.0,0.0,0.0014808058450122344,0.0017634739848028803,1.1591145343981762e-05,-2.8147459022837458,45.54083968310347,-94.84901792198512,50.18581626559363,-0.4879310679818283,-1.156026900314548,-0.0015031490058652229,3.623632539160575,63.62672322375398,943.0,139.7664718974714,0.14821471038968337,47.41476576015746,3.375531100249917,0.0,32.449632123076924,0.017260907568080196,32.42999999999999,32.470000000000006,2.861986568166076e-05,0.04000000000001336,-0.01692307692307793,-0.19528498379122483,4.369650302991268
19,47,117.5,122.496,0.0,0.0,0.0,0.0,0.0,-0.0007586882906498386,0.11067619771231318,-0.1830809726009116,0.7537386605288316,3.8644909507737686,19.62811198773137,70.35647279549718,852.8,133.33866656000427,138.65064009949612,368.0,100.0,0.4757082207543146,0.0020227464996048394,0.4718562457498103,0.4786052254203436,-0.467858489747318,-1.0584912247731493,0.47634992360247286,1.3498818961635834e-06,-3.3545074981505187e-09,3,0.6,0.0013176008294670434,0.0022544085353947696,0.000702238334132306,0.0025694387584538946,3.784883718325671e-06,6.992235351356229,0.01912092249370264,6.960590464602413,7.027509266818029,0.13415900368055964,-1.0750861158382847,7.017964093363687,4.532262370812487e-05,-1.0533737900952803e-07,0,0.0,0.0,0.0,0.0018798034288109906,0.003136045707099134,1.9644794273651685e-05,-0.03480548756599674,47.59026179826401,-101.81636311516124,57.44339746528608,-0.562163565950426,-1.04426006497492,0.0048872209968000985,3.8174231587777867,70.01166861143524,857.0,48.1525354126516,0.056187322535182736,52.162402978578214,4.091592009848815,0.0,32.458864,0.016798779410643696,32.42999999999999,32.470000000000006,7.851873185229708e-06,0.04000000000001336,0.03999999999999915,0.1940632334730583,0.34480418406194246
19,48,120.0,124.996,0.0,0.0,0.0,0.0,0.0,0.0010588538084955643,0.11794340085150773,-0.1830809726009116,0.7645067571168459,3.6765064896475597,17.477781928443072,66.72597864768683,899.2,91.9304084620535,107.36852425175638,228.0,100.0,0.473498815374816,0.0025127418931958252,0.4694548395310941,0.4773269429103,0.14483704850392992,-1.3739578510071417,0.4721754869487347,2.522679324530818e-06,6.249098578389422e-09,2,0.4,0.00502266049517483,0.005152193298522345,0.0019918059840731517,0.009035604389311521,3.6150148813919166e-05,6.963774717387886,0.014194840170135722,6.946234986842833,6.990627831954437,0.4291658106609571,-1.2312368515027368,6.981373822714083,5.0215471618972174e-05,-1.2511491380233898e-07,0,0.0,0.0,0.0,0.0020974255754208117,0.0041982629915917205,2.5534146764549972e-05,2.184004935061606,47.26530574574379,-105.76268598800286,57.44339746528608,-0.6719069183354582,-0.8446839415837553,-0.0058634898677899245,3.9454116130929737,68.05807622504537,881.6,81.8584143506335,0.09285210339227937,53.835755810036034,3.0167148162379966,0.0,32.45841833846155,0.014748303346853769,32.42999999999999,32.470000000000006,1.907254106304401e-05,0.04000000000001336,0.016307692307691468,0.4429251520588075,1.3320975773585388
19,49,122.5,127.496,0.0,0.0,0.0,0.0,0.0,0.0023649622365361344,0.11909784315232771,-0.1662753228375002,0.7804636068447904,3.802070182216245,18.495998333847854,63.39814032121725,946.4,74.4902678207026,88.18163074019441,168.0,75.0,0.47147440355712067,0.0018461685893350834,0.4678831802236724,0.4755676203727847,0.11348440576411546,-0.2617468076273708,0.4747627174721423,7.396100887823922e-06,-1.7974991803772034e-08,0,0.0,0.0,0.0,0.00012652631622313005,0.0001580837013947365,8.507817934065382e-08,6.9566989830026245,0.006467465159173789,6.946234986842833,6.966866711629443,-0.06788460705755085,-1.2268891103678647,6.951941262533664,4.8146668792607106e-05,-1.2080039392446692e-07,1,0.2,0.014963990759317092,0.014963990759317092,0.005227868101170822,0.028727307200870755,0.0003018262807575047,-0.6066651960326018,48.972869919474846,-105.76268598800286,59.49027507379982,-0.5810333789915416,-0.9998552848333957,0.00417859143685778,3.871422600034697,66.60746003552399,900.8,93.61196504720965,0.10392092034548141,54.03204609503911,3.414615397970236,0.0,32.457,0.012882793511240406,32.42999999999999,32.47,-1.1852121505345823e-05,0.04000000000000625,-0.03999999999999915,0.3241702767599959,3.209319714306737
19,50,125.0,129.996,0.0,0.0,0.0,0.0,0.0,-0.0008401063389139548,0.10955979648881058,-0.1569882817238112,0.7804636068447904,4.090723584520521,21.94203258884818,63.29113924050633,948.0,54.55272678794342,82.26785520481253,120.0,66.66666666666666,0.47086145498269905,0.0018034581121968774,0.4677268927203716,0.4737567280984177,-0.30985298539832645,-1.1813119552490432,0.47123562072943315,4.084529713664542e-06,-1.0233377186006322e-08,3,0.6,0.0016463782447709852,0.002518945251461291,0.0007419662404343305,0.0029415271193569056,4.482232655362678e-06,6.949110614241101,0.014940778096792477,6.918382886365987,6.966866711629443,-0.5566413505542575,-1.0174407905946332,6.947602778287674,3.0784540376490525e-05,-7.759744546375292e-08,1,0.2,0.019242061539001654,0.019242061539001654,0.007414855678167313,0.036879797952897406,0.0005469587077215206,-2.6935729165420295,46.80648393231235,-101.36618278698384,59.49027507379982,-0.48844095134423193,-1.1108421568858702,-0.0071898584662458825,3.9316994828229657,62.047569803516026,967.0,54.68698809284222,0.05655324518391129,50.6290150565451,6.683329321625107,0.0,32.453496,0.014159136695317306,32.42999999999999,32.47,4.234437270057459e-06,0.04000000000000625,-0.020000000000010232,-0.019767700366058582,1.243569436990306
19,51,127.5,132.496,0.0,0.0,0.0,0.0,0.0,-0.0010248840049184621,0.11172589800217468,-0.1422194727478592,0.7557710506955067,3.9164685381108404,20.317112162786863,68.99724011039558,869.6,126.19350220989986,168.9023386457393,324.0,50.0,0.4693816329005348,0.0020492539375052696,0.4661766767638958,0.4729231694069538,0.11074984049760776,-1.012305160235076,0.46760081382975477,2.7217397451545905e-06,6.602424799966927e-09,3,0.6,0.0036065786162240063,0.00532201197962473,0.0017704874758495141,0.009978772634174595,3.559927098116769e-05,6.920558188740077,0.018241893890205155,6.889749824880367,6.953398551859994,0.14734244447805198,-1.2049819934433754,6.944138894983168,3.182138559149173e-05,-7.362471577375368e-08,0,0.0,0.0,0.0,0.0018243536891690002,0.0031968654826115676,1.869550561352831e-05,1.2789885173456166,41.92915715401747,-86.58916397983297,48.82088275102619,-0.6097352295903696,-1.006566419909043,0.005443882118581674,3.6750257627382106,66.3129973474801,904.8,78.09737511594099,0.0863145171484759,46.090435351716074,3.3468755897981666,0.0,32.452544,0.01499369290964517,32.42999999999999,32.47,8.8037637143912e-06,0.04000000000000625,0.020000000000003126,0.20610234951310227,2.684242762915474
19,52,130.0,134.996,0.0,0.0,0.0,0.0,0.0,-0.00019978023247517652,0.1184202969933029,-0.1589906119962673,0.7662022555964398,3.8055437394980878,18.25894624385841,66.19593998234775,906.4,42.76447123489311,56.07138307550475,108.0,25.0,0.4674180985016383,0.0020736670454364198,0.4635389187889401,0.4704289911480659,-0.26104021000477495,-0.9958841047680553,0.4685379118492365,2.421998612686756e-06,-5.594609370546124e-09,1,0.2,0.001892177074140522,0.001892177074140522,0.0006410468933370377,0.0020013021061425365,2.85582134976856e-06,6.887914220796508,0.01934903938906924,6.852435764099321,6.918336604593721,-0.18020251198941875,-1.2496744958240293,6.909192162244981,2.3748726367333245e-05,-5.862072651198826e-08,0,0.0,0.0,0.0,0.0019588029347825443,0.003796215787411969,2.2079084014118992e-05,3.1014443968365812,45.68663969787204,-99.12432815632302,56.15983390327829,-0.658726727437259,-0.9468240221869353,-0.004857524341724082,3.829193888337524,64.93506493506493,924.0,45.86937976471886,0.04964218589255288,50.50885527816407,3.2380609849609,0.0,32.450488,0.011483544861871666,32.42999999999999,32.47,5.052245153499587e-06,0.04000000000000625,0.020000000000003126,0.3032891400472029,1.2608750472828234
19,53,132.5,137.496,0.0,0.0,0.0,0.0,0.0,-0.0007089464113082535,0.11120189822101406,-0.1589906119962673,0.7698022533503917,3.985393935568579,20.635095637029437,67.20430107526882,892.8,59.55837472597787,78.66384175718855,156.0,75.0,0.4669117293877349,0.0022195482560662086,0.4635389187889401,0.4702587692311304,-0.14950960598083715,-1.5205701917027161,0.4694251494967967,6.152723665422426e-06,-1.5030425594239805e-08,1,0.2,0.0002603112200788016,0.0002603112200788016,0.00015305156369370705,0.0002672143458949645,1.314858927712656e-07,6.8539358991074755,0.019830864146847493,6.820856875542031,6.8896949377390415,0.09000652813923371,-1.1645302557586354,6.880218382895785,3.28266124843267e-05,-7.840196444077573e-08,0,0.0,0.0,0.0,0.0018610043336494727,0.002966787968505221,1.908552846111448e-05,-2.474904251880446,47.91007316455056,-99.12432815632302,56.15983390327829,-0.47088895785817386,-1.1989746211889825,0.0008206039013827194,3.666293784611045,65.50218340611353,916.0,27.9045993819418,0.030463536443167905,51.95003576258959,3.2668203974771663,0.0,32.443327999999994,0.009253851607656708,32.42999999999999,32.45,-2.1321557325800078e-05,0.020000000000010232,-0.020000000000003126,0.24324158635990678,1.7021176691552853
19,54,135.0,139.996,0.0,0.0,0.0,0.0,0.0,9.840086585797616e-05,0.11757119606087295,-0.1609006670574412,0.8074033831163508,3.9810595059009177,20.20827780499409,71.56488549618321,838.4,142.50894708754254,172.4760852988031,352.0,50.0,0.46600995876376766,0.0020866144263631263,0.4629204166880399,0.4696818264879855,0.4028325898043763,-1.2284285849853585,0.46861180078588804,5.321572785536109e-06,-1.304307901666299e-08,1,0.2,0.0010578369422216127,0.0010578369422216127,0.000302702275594111,0.0005904732079143127,5.2791005507978e-07,6.82043004344415,0.01890991854458436,6.788851481079199,6.852367206527145,-0.002664830459490499,-1.2366327859678041,6.8434090395339995,6.901528648993258e-05,-1.7128593090412149e-07,0,0.0,0.0,0.0,0.0018356053894155674,0.003392132884687282,1.9158929355790077e-05,-1.6986207081237568,45.96504302360774,-96.35163908403852,53.47264664274535,-0.4926972035697393,-1.1388710149177481,0.00031745761230881264,3.7136712754033963,65.93406593406593,910.0,28.189832682487964,0.030977838112624136,50.61060891011742,2.962799991234502,0.0,32.437288,0.009099114576187131,32.42999999999999,32.45000000000001,5.564112361006665e-07,0.020000000000017337,-0.01999999999999602,0.6150921820812669,5.630819562117281
19,55,137.5,142.496,0.0,0.0,0.0,0.0,0.0,0.0010988054343955965,0.12572923414769901,-0.1775769220293039,0.8074033831163508,3.754612396853953,17.571467599321615,64.82281763180639,925.6,63.030151514969404,66.90291473471092,152.0,75.0,0.46421768499247446,0.0015589985912391542,0.461148026321819,0.4674168372206261,0.07630053123384252,-0.42214822116745765,0.463670571500613,4.253265681901498e-08,-6.97793277845715e-11,2,0.4,0.003203023483109746,0.0037462581412311957,0.0011091004697538617,0.004609731740573355,1.0400181360171342e-05,6.787292577687203,0.019500910741449877,6.752307265690394,6.820794905849898,-0.08119016724628955,-1.1601611522766468,6.81168176491772,2.356274800640135e-05,-5.631417205654378e-08,0,0.0,0.0,0.0,0.0017067979954043743,0.002756873182308915,1.6094221975980124e-05,2.8440613739835383,43.19077614333415,-91.5222720681938,53.3318712874679,-0.6616476027273375,-0.8863840550844682,0.0016139942190082582,3.816010675259308,68.18181818181819,880.0,93.12357381458253,0.1058222429711165,47.41876637415749,3.6294886762712912,0.0,32.43396,0.007550215427606842,32.42999999999999,32.45000000000001,-5.155648739593772e-06,0.020000000000017337,0.0,0.3445557009295514,3.3590005500117996
19,56,140.0,144.996,0.0,0.0,0.0,0.0,0.0,0.000893448819361792,0.11997618490573135,-0.1775769220293039,0.780773928090865,3.7464667975131403,17.98998859256455,64.87889273356402,924.8,64.70857748397812,76.07890640644094,180.0,75.0,0.4633040330881684,0.0018195263776568465,0.4593242929205677,0.4673710967015601,0.07192830727522191,-0.8063058361001056,0.46661030149693217,7.2000915708846535e-06,-1.734148080008465e-08,0,0.0,0.0,0.0,8.475330077394017e-05,6.524453145982423e-05,3.6777292796701296e-08,6.7517340746160714,0.021417809334905735,6.718599764996504,6.788794182444272,0.07298578611276182,-1.3313332057222058,6.779566712240689,6.78360279430542e-05,-1.6654970357159665e-07,0,0.0,0.0,0.0,0.001697760591876026,0.0026554205065905433,1.58299432343274e-05,1.29182182966981,43.3952633837363,-89.42519619676952,51.17745706103352,-0.6216054164462905,-1.0030414838934214,-0.0001600930697281428,3.6768213948849597,65.27415143603133,919.2,68.78371900384568,0.07482998150984081,47.334563590054465,3.387228865521567,0.0,32.431520000000006,0.006666962654467458,32.42999999999999,32.47,6.974161263483388e-06,0.04000000000000625,0.03999999999999915,0.41755764632021874,0.3952587024673164
19,57,142.5,147.496,0.0,0.0,0.0,0.0,0.0,-0.001535845014619652,0.10917419187114663,-0.1556100269202369,0.780773928090865,3.9604758619865303,20.72065814365291,65.14657980456026,921.0,63.10837239754062,95.72181917758702,152.0,66.66666666666666,0.4630595481058761,0.0017991963676067086,0.4593216980209028,0.4660664154902751,-0.3326278312375843,-0.8467228810632452,0.4637469121888825,2.983195621226537e-06,-7.436629883302319e-09,3,0.6,0.00122463689516276,0.0023151254507117747,0.0006508837830686199,0.0021159255229091165,3.013134046687527e-06,6.71995854605782,0.015631835470591878,6.6918087911043385,6.752247353254431,0.21033222119813177,-0.7904295577173204,6.742936357699245,2.858825774974215e-05,-6.964468920638791e-08,0,0.0,0.0,0.0,0.0017489902428418397,0.0025554164704662203,1.6607561561727778e-05,-3.8777439174770714,50.17257580307918,-110.52653737558208,61.3015478719345,-0.4523164815201011,-1.1452684985349142,-0.003142099556741135,3.9107119737080462,65.78947368421052,912.0,54.258639865002145,0.05949412265899358,52.809362656686275,6.479085774963834,0.0,32.440816,0.015184411250891112,32.42999999999999,32.47,1.6248391838984234e-05,0.04000000000000625,0.020000000000003126,0.2594180534320762,0.6428938796502592
19,58,145.0,149.996,0.0,0.0,0.0,0.0,0.0,1.5025775239341144e-05,0.10979500000803094,-0.148359580625525,0.7574883557338173,3.8356032325827067,19.714933501804015,68.55575868372944,875.2,95.97499674394368,75.78918128598566,228.0,50.0,0.46138545380369195,0.0026677647560018948,0.4566444571938062,0.4645326693656705,-0.46766162342762296,-1.32601802312642,0.4590285171011039,3.7499896153198767e-06,8.99368581549039e-09,3,0.6,0.005007648421406071,0.005507955764254779,0.00213233173037396,0.013661489478436952,6.00904360723322e-05,6.69186603671791,0.017079313693234156,6.662582127407584,6.718562363318565,-0.03771572818512674,-1.3395455213955747,6.709714907388411,1.654294225210805e-05,-3.687021773498073e-08,0,0.0,0.0,0.0,0.0022585873303763706,0.00489323488861849,3.0308913176584797e-05,0.6039828878130072,50.02554419919027,-110.52653737558208,61.3015478719345,-0.5988596214998917,-0.9634365240964908,0.007390566829717547,3.934687098285571,67.87330316742081,884.0,108.07404868885037,0.12225571118648232,53.510302780293785,6.545003538252758,0.0,32.445327999999996,0.013407551469818004,32.42999999999999,32.47,-1.033085589173108e-05,0.04000000000000625,-0.01999999999999602,0.36180144403015624,0.6824555163086217
19,59,147.5,152.496,0.0,0.0,0.0,0.0,0.0,0.0006519677371907129,0.11681534485469923,-0.1564506595943143,0.7574883557338173,3.7172348013720784,17.723559051763054,64.04782237403928,936.8,47.86648096528509,69.19537556802477,120.0,50.0,0.4600909952852813,0.002294751548071788,0.4566444571938062,0.4632606226077285,-0.01343535665753133,-1.6074283225959871,0.4594519708806245,3.211951871796651e-06,-8.054847852221028e-09,2,0.4,0.0034790894309247034,0.003809439736950526,0.001502765273316372,0.00696729064624984,2.0991620900145676e-05,6.6609413105383135,0.018965033734591852,6.616926641855703,6.691748870294434,-0.40574178054114957,-0.7096290990962433,6.682950069951327,6.117127622284801e-05,-1.4822652297319332e-07,0,0.0,0.0,0.0,0.0016225613778306006,0.002536721187834001,1.4457546225859085e-05,3.6707463490246193,44.422241594089435,-91.5442983509386,56.5446607647928,-0.6734665008537677,-0.9635230955634455,-0.003231609061622961,3.7296504424753945,66.43046944198406,903.2,49.347745642531635,0.05463656514894999,49.87606009022671,4.781781254332323,0.0,32.443368,0.00886502350494276,32.42999999999999,32.45000000000001,1.7031486100416209e-06,0.020000000000017337,-0.020000000000003126,-0.05088329128406903,2.3826470679447738
19,60,150.0,154.996,0.0,0.0,0.0,0.0,0.0,0.0008517636461686914,0.1124614074712739,-0.1564506595943143,0.7631032570308744,3.9002562289290443,19.50175769379861,67.02412868632707,895.2,78.3019795407498,61.87083319303208,188.0,50.0,0.46019714201374373,0.0017792038463343557,0.4567969869200188,0.4630345759508016,-0.40494218010835764,-0.9727673451896175,0.46235083711438185,4.755635793519956e-06,-1.1663721977499984e-08,1,0.2,0.00024265300683479207,0.00024265300683479207,0.00010021630853730317,0.00013931351300385718,5.413309736244749e-08,6.621636222142493,0.02637947272734875,6.578611776171833,6.662550548256846,0.028573257847579085,-1.4107121066172814,6.653119176854475,5.325480377178624e-05,-1.261685453435291e-07,0,0.0,0.0,0.0,0.002150494807051251,0.004059488522914614,2.643071332269585e-05,-1.9104381257465102,44.444097350186915,-91.5442983509386,51.70577087088015,-0.4433087369614349,-1.2322947443084984,0.0027754000579512214,3.65014688938045,65.33101045296168,918.4,60.03998667554816,0.06537454995159861,48.73003620328325,3.5238120588057975,0.0,32.44606399999999,0.007555710907755554,32.42999999999999,32.45000000000001,1.3220667661476272e-06,0.020000000000017337,0.0,0.24861822316391624,1.6931182333653965
19,61,152.5,157.496,0.0,0.0,0.0,0.0,0.0,-0.0006420240619453253,0.11189277454056493,-0.1542111127230385,0.7631032570308744,3.935106031721743,20.125958509590184,71.7017208413002,836.8,135.39276199265603,141.124058898545,344.0,50.0,0.45835246004979274,0.0020963116652096326,0.4553757884724684,0.461650380515754,0.008989519811185589,-1.4310637433443207,0.45666445131655564,2.5498957083626034e-06,5.678739068483568e-09,2,0.4,0.004319196063193864,0.004984722605572034,0.0017867010405990564,0.009709871867448986,3.48283007729364e-05,6.578002407059187,0.022938153688523803,6.541635348892476,6.6168330806313,0.03304054845221723,-1.3121700085895511,6.608070792300597,6.843427840641713e-05,-1.6677006343960078e-07,0,0.0,0.0,0.0,0.001584426729633762,0.0026244639717619336,1.3937609619924144e-05,-2.511071733705627,47.00408312137402,-100.59725443721376,55.51981772380971,-0.45163851982227843,-1.1360921761637695,0.0009625898629581746,3.80996106877639,66.00660066006601,909.0,43.497126341863094,0.04785162413846325,52.274003874296,2.591063370567529,0.0,32.44469599999999,0.008290074700855521,32.42999999999999,32.45000000000001,-4.639122329027587e-06,0.020000000000017337,0.020000000000003126,0.5493361481039256,5.695120181234188
19,62,155.0,159.996,0.0,0.0,0.0,0.0,0.0,-0.0011696128015173226,0.12076352678885578,-0.1542111127230385,0.7759968687393572,3.7487253713724806,17.845734736282584,71.77033492822966,836.0,99.11609354691093,98.18350166906862,248.0,25.0,0.45666633453414124,0.0020821254959921894,0.4532840421279763,0.4601365814599842,0.21078834915771447,-1.2715373388179305,0.4594787750042706,6.181378053561885e-06,-1.4914420949263136e-08,1,0.2,0.0006620338968891248,0.0006620338968891248,0.00014318077948632298,0.00022930185510468794,1.1301396078838291e-07,6.540228526790318,0.02065354157020365,6.505431044828526,6.578538105152887,0.05337876530917869,-1.1030206251953343,6.569502045588277,7.353605622440947e-05,-1.823204382822521e-07,0,0.0,0.0,0.0,0.0015547161416676995,0.002235626431072749,1.3091510983913125e-05,1.1650813110349878,47.21835246093682,-100.59725443721376,55.51981772380971,-0.6334604508187633,-0.9709065053902295,-0.002337878066656318,3.7644697191086753,71.15749525616698,843.2,112.90349861718192,0.1338988361209463,49.905693187732005,7.189394054056552,0.0,32.436624,0.010126936326322947,32.41,32.45,-1.7644678172565836e-05,0.04000000000000625,-0.04000000000000625,0.38647726753222966,0.6128396720626768
19,63,157.5,162.496,0.0,0.0,0.0,0.0,0.0,0.0009482925620466393,0.11837942126731214,-0.1768559506820489,0.7759968687393572,3.614199666237029,17.15619510825324,72.04610951008645,832.8,75.44004241780355,55.09990925582364,168.0,50.0,0.4560731012921071,0.0021041340705159777,0.4531864415930188,0.4601365814599842,0.5715130885401313,-0.8505403341074955,0.4585861557727466,5.440998359408819e-06,-1.3196278180656063e-08,2,0.4,0.0012140243003621598,0.0015424948420903473,0.00043950053729333564,0.000995273400632475,1.1638029091983756e-06,6.503159658081655,0.022492538660497732,6.464764527725946,6.541577952006566,-0.08750587482589064,-1.2033760528826614,6.532552967359811,3.378995022235974e-05,-8.426169866593646e-08,0,0.0,0.0,0.0,0.001608030238984407,0.002313395509441202,1.400541988521557e-05,1.850147086923933,44.18440614706345,-96.980033449746,55.647387813018334,-0.6451870656059671,-0.9318217948964995,-0.0010113184772555096,3.9419597839527096,69.18819188191881,867.2,50.86452594883786,0.058653743022183874,50.07658833758696,4.746465229536335,0.0,32.431352000000004,0.012806889958498026,32.41,32.45000000000001,1.8689343161217313e-06,0.04000000000001336,-0.020000000000003126,0.3936895996166609,2.857917628167641
19,64,160.0,164.996,0.0,0.0,0.0,0.0,0.0,-0.0002481374246276445,0.11914669922506455,-0.1833388930529471,0.8255606827780428,3.729905502155478,18.64296366074241,71.7017208413002,836.8,92.23448378995786,89.59910713840847,220.0,75.0,0.4542343150306197,0.0018851616194432192,0.4511325657590846,0.4572786631632533,-0.06390705825250309,-1.221442049747603,0.4529950874312359,2.3579907364842813e-06,5.536420719870887e-09,3,0.6,0.0035567127313612112,0.004285261081414027,0.0014660812932577678,0.007879347439395834,2.3162637227216072e-05,6.503809379105007,0.04321284412461635,6.462850726442211,6.612849793894843,1.2280454021659593,0.2260231215440216,6.496338878687066,3.216126867688139e-05,-7.380529355768205e-08,0,0.0,0.0,0.0,0.03514906487960181,0.0975240028527127,0.00808432975197658,0.5577174641215173,43.471373758783706,-97.39983619506803,63.36786536220618,-0.5477129890397511,-0.9133640325445627,0.0065403799021960625,4.265743684512632,73.31378299120234,818.4,72.64158588577207,0.08876049106277135,50.16387723018153,8.582869433807875,0.0,32.429272,0.013201664496975251,32.39,32.45000000000001,-2.2118926155990187e-06,0.06000000000000938,-0.01999999999999602,-0.0411876195705869,1.612062149902144
19,65,162.5,167.496,0.0,0.0,0.0,0.0,0.0,-0.000937207441936469,0.12317848431139021,-0.1833388930529471,0.8255606827780428,3.7521021757066153,17.869320507118825,70.75471698113208,848.0,78.74007874011811,62.545983084447556,176.0,50.0,0.45246544085766083,0.0016429520466720359,0.4493581790517064,0.4552558939062804,0.009683789312154162,-1.1292167264956294,0.45332448683936283,3.7386311364636747e-06,-8.973712462405527e-09,2,0.4,0.0016587917965514842,0.0019324520708962067,0.0005762008581123604,0.001842561756778302,2.3393145185085e-06,6.574568442604353,0.0631003770888176,6.462850726442211,6.632019904590354,-0.7535959270054176,-1.089942047387438,6.463072393550499,9.088431420896087e-05,2.175073604800777e-07,1,0.2,0.1688818236608398,0.1688818236608398,0.06301342459488889,0.5571791147621518,0.08199458257101255,0.016112510671399287,46.139516393679024,-103.12007365092704,63.36786536220618,-0.5265637524686544,-0.9382542405048757,0.007469480253898668,4.161282002694765,70.95553453169347,845.6,83.64687680959761,0.09892014759886189,53.40550013941041,8.764302846297083,0.0,32.421824,0.01525994597905502,32.39,32.43000000000001,-5.218163979572942e-06,0.04000000000000625,0.0,0.05595678531380985,0.20081755056139627
19,66,165.0,169.996,0.0,0.0,0.0,0.0,0.0,-0.0006413573675425235,0.1187786701511218,-0.1376927882208246,0.7661508079100069,3.725183103786176,17.27530294827765,73.60157016683023,815.2,34.68717342188608,29.5296461204668,84.0,0.0,0.45198230859908445,0.002416993020574362,0.4458917288011122,0.4549126819133447,-0.9657387408177528,0.16892346191142726,0.4531637044251602,2.8574967812757124e-06,-7.077857817792008e-09,3,0.6,0.0012277946745458679,0.0017506254479037198,0.0005626705172840824,0.0018602861179537636,2.2749264612245334e-06,6.60235505896383,0.026491091608716686,6.551063801224292,6.632019904590354,-0.5080458092655628,-1.2047137131118946,6.603909290706485,9.080697821398506e-06,1.4795336864976059e-08,1,0.2,0.028112084573805873,0.028112084573805873,0.011280338412663321,0.05464951097727648,0.0012334350764570145,-1.2735832645937404,43.783360041192864,-103.12007365092704,62.97775077501182,-0.510065550073364,-0.9400002654950672,0.003528811239816899,4.406298375228279,74.25742574257426,808.0,42.988370520409354,0.05320342886189276,52.90877904821091,6.176781702650941,0.0,32.418616,0.0145039851116986,32.39,32.43000000000001,1.76729713107087e-05,0.04000000000000625,0.01999999999999602,0.35683415250490763,0.6558555757440274
19,67,167.5,172.496,0.0,0.0,0.0,0.0,0.0,0.00020518092280063697,0.120279901650012,-0.1347651981975787,0.7946669837901381,3.8562713316997503,18.473460457557497,70.82152974504248,847.2,29.448259710889538,34.23448553724738,68.0,0.0,0.45119605958605064,0.002669372690690341,0.4458917288011122,0.4549126819133447,-0.5459111261500093,-1.1293327575453684,0.4530302106957156,4.3983979975664596e-06,-1.0800224670785976e-08,3,0.6,0.0009455046817486434,0.0018720743264247774,0.0004802204620565383,0.0011527269443132697,1.4189035322317725e-06,6.553163951511994,0.030744389816644666,6.503394859960366,6.612051294010311,0.18502620462465763,-1.1068628696243168,6.602198141696826,8.473507807759834e-05,-2.0454901146240323e-07,0,0.0,0.0,0.0,0.0014515801688224589,0.0016809202425851542,1.1105090240796706e-05,-0.03842043998865029,38.84270981577418,-76.66510834512697,54.17179539209495,-0.5012629654017379,-1.072398423602915,0.007336286418100646,3.8563051745144445,72.18479307025986,831.2,38.61605883567094,0.046458203604031446,50.80076285277348,4.167602032771348,0.0,32.422,0.009119396918277125,32.41,32.43000000000001,1.0267326891111915e-05,0.020000000000010232,0.0,0.33471022242101084,1.3632633252173747
19,68,170.0,174.996,0.0,0.0,0.0,0.0,0.0,0.0012097616043387196,0.12012244486334549,-0.1386341288809426,0.7946669837901381,3.857888303586614,18.585756650980663,69.63788300835654,861.6,52.884780419322915,46.561786907291264,132.0,50.0,0.44911556399391184,0.0023389503266553575,0.4459143348991795,0.4534667053010891,0.44350101669747427,-1.1635916752750028,0.4460305435240678,4.744233675482054e-06,1.1171217427305301e-08,5,1.0,0.00433396976606929,0.007436516993403419,0.002335538152098901,0.015428275844878813,7.491553605602641e-05,6.503560996759901,0.02702917327560651,6.458025966739346,6.550996624767134,0.025920412722318778,-1.1702305896958312,6.54155835294719,6.218464101324251e-05,-1.519833328061797e-07,0,0.0,0.0,0.0,0.0016573035821295758,0.002327308289589448,1.4822874190971215e-05,1.1241620141135422,37.64413551448355,-76.66510834512697,54.17179539209495,-0.579703236774911,-0.9857373548970703,0.002586878028219092,3.963680058722909,70.6880301602262,848.8,26.593232221751457,0.031330386689151106,48.10799859817326,4.561146789287701,0.0,32.426632,0.007285143812622908,32.41,32.43000000000001,1.3427935633897853e-05,0.020000000000010232,0.020000000000003126,0.2646399501603948,1.0501471518696661
19,69,172.5,177.496,0.0,0.0,0.0,0.0,0.0,0.0009987658039288712,0.11598614596880318,-0.1386341288809426,0.7635719499552283,3.905420033859485,19.246081944927667,64.37768240343348,932.0,36.98648401781386,43.497126341863094,100.0,25.0,0.44774625280281355,0.0017798634773870776,0.4447801012726265,0.4508095890298693,-0.014260302460164843,-1.371378756506029,0.4502955985695458,6.4605513472985285e-06,-1.5489464539364746e-08,0,0.0,0.0,0.0,3.5874175483488305e-05,1.8516575098105002e-05,6.505735259294599e-09,6.4584279255052355,0.025279123951908698,6.41614224169539,6.503313599980123,0.0600296231306578,-1.216669052454373,6.49424323667251,7.299244743564749e-05,-1.7994990983970117e-07,0,0.0,0.0,0.0,0.0014679704593785667,0.00194793265682282,1.1538838191103607e-05,-0.5349647803514543,36.91784344537227,-71.89829868094056,47.05947254805601,-0.5387597971597661,-1.159133029464635,0.005330218742445597,3.645277917446374,67.44604316546763,889.6,70.11989731880674,0.07882182702203995,42.61571645247698,3.1484782180298434,0.0,32.431424,0.010620100343040846,32.41,32.45000000000001,-3.9942169563955553e-07,0.04000000000001336,-0.020000000000003126,0.17246382634595894,3.068360762034146
19,70,175.0,179.996,0.0,0.0,0.0,0.0,0.0,-0.0011488192639229353,0.10725540229601341,-0.1364153631832353,0.7482449559851456,3.9739226752063055,20.838535748828278,62.43496357960458,961.0,44.7064499447973,44.6616912651846,104.0,66.66666666666666,0.447259934049814,0.001803212357095852,0.4443387646794561,0.4502967519343209,0.047664396022383704,-1.3041331399521616,0.4495243770566976,4.591009956657578e-06,-1.1284270010383099e-08,1,0.2,0.0007682860244861978,0.0007682860244861978,0.0001750096230036304,0.0002924714733698708,1.7024369044975383e-07,6.416685221422815,0.02307786591855937,6.377762974994271,6.457974746697229,0.08161318743898084,-1.172354067039709,6.448731130387772,6.94936292571394e-05,-1.713573866362902e-07,0,0.0,0.0,0.0,0.0017445124094019348,0.0025890331269533516,1.6563876319572812e-05,-2.9151030714819126,37.03083405433017,-77.91982631147545,41.54824370131493,-0.4659071985564959,-1.224604119074178,-0.005816877242554025,3.6532513451043847,60.120240480961925,998.0,93.20944158184835,0.09339623404994825,39.87759675556511,1.2152995309765975,0.0,32.430064,0.011789491568039942,32.41,32.45000000000001,-7.695160124855034e-06,0.04000000000001336,0.0,0.31835130714708754,2.314723098642652
19,71,177.5,182.496,0.0,0.0,0.0,0.0,0.0,0.0003628936247122697,0.11536567140582893,-0.1586824516632977,0.7913391669736031,3.8336051262842337,19.428682380547542,67.38544474393531,890.4,119.61939642048024,173.83900597967073,324.0,50.0,0.44533839366896855,0.0020044717228464575,0.4422671919838975,0.4490676138230928,0.1500901324041908,-1.1458132911803436,0.44492290843982957,1.432118324022163e-06,-3.6328570818391236e-09,3,0.6,0.002355647354360798,0.004145169712827967,0.00131428998807294,0.0054139422020366805,1.4499408906887293e-05,6.377583096823378,0.02215621404679135,6.338719214115636,6.416064300200293,-0.030319852106137673,-1.1761668307627822,6.407373399693499,3.7045270915355e-05,-8.827832421217831e-08,0,0.0,0.0,0.0,0.0014737143944024867,0.0021317748641827253,1.177406557016335e-05,0.858707053417531,36.90665304124534,-85.09347610218788,46.97385369791749,-0.6001746619100009,-0.9128088924985347,0.005591887562079126,4.097441342437512,66.43046944198406,903.2,177.9528027315108,0.19702480373285072,40.7609732484153,5.520834805142804,0.0,32.42864,0.0047253781892821565,32.41,32.43000000000001,6.067470123213527e-06,0.020000000000010232,0.01999999999999602,0.4453526103643501,0.9549753019512508
19,72,180.0,184.996,0.0,0.0,0.0,0.0,0.0,0.0007670792023977798,0.12630067719398494,-0.1586824516632977,0.8062643047075322,3.8515365684040934,18.17424001912874,65.78947368421052,912.0,48.0,53.70288632839021,124.0,25.0,0.44384481138003457,0.0018225166489530087,0.4414130127222567,0.4479975645291813,0.47093779750188014,-1.1471834135993626,0.44754248772157296,8.101980349366122e-06,-1.9537316971580903e-08,0,0.0,0.0,0.0,2.5936369864077354e-05,1.0326967503407003e-05,3.3858278396672426e-09,6.338958971916528,0.022537803880401646,6.299304585596953,6.377690708387458,-0.004465129161497407,-1.2112611938420472,6.369019871857825,6.80272022168045e-05,-1.6817670124410247e-07,0,0.0,0.0,0.0,0.0014780532149783372,0.002141580561921293,1.1846334142124358e-05,2.045934835658933,41.26656454936236,-89.63771785636361,48.98485877551658,-0.6153295270305958,-0.968065957053772,-0.009665004221158246,3.803990617418293,63.613231552162844,943.2,58.54229240472225,0.06206774003893368,46.29296688753076,2.8690085674318357,0.0,32.42944800000001,0.002707149594526079,32.41,32.43000000000001,-2.5555062754877346e-06,0.020000000000010232,-0.020000000000003126,0.28554803997900474,2.176242132047676
19,73,182.5,187.496,0.0,0.0,0.0,0.0,0.0,-0.0015688025466189617,0.1149839412629633,-0.1431636905782863,0.8062643047075322,4.033577408496318,20.78752416029253,68.87052341597796,871.2,77.94356933063817,113.26076107814215,196.0,100.0,0.4439811659379653,0.0020512184907608352,0.4397740230023103,0.4469376268557234,-0.2586858892586983,-1.1849041832536085,0.44523851029386513,3.804183698143116e-06,-9.269518573484863e-09,3,0.6,0.0011042769469533458,0.0016919540123229715,0.0005572576458288254,0.001589364446221739,2.057715552411712e-06,6.2990225472521555,0.023551210163878542,6.258135695906368,6.33866748445356,-0.033322689586007814,-1.2180364277857465,6.329734940832273,7.325427381303911e-05,-1.8069610137077341e-07,0,0.0,0.0,0.0,0.0017521415794115535,0.0027249635849149008,1.6841897512326713e-05,-2.448269577567768,43.83066298371483,-89.63771785636361,51.70124045786744,-0.4579540926471428,-1.2249416671089781,-0.0008642525414654415,3.644230277995671,65.43075245365321,917.0,48.59355238437846,0.05299187828176495,47.513688673483855,1.0195422201105493,0.0,32.423464,0.008833969818982108,32.41,32.43000000000001,-1.3464328617154188e-05,0.020000000000010232,-0.020000000000003126,0.26597800057905696,3.4397709623247437
19,74,185.0,189.996,0.0,0.0,0.0,0.0,0.0,-0.0007130054016246325,0.11327568413743194,-0.1446045939925325,0.8061102119374908,3.916620270052929,20.142865806742442,72.04610951008645,832.8,124.72048749102932,170.90348153270605,324.0,100.0,0.44364712124403516,0.002061496352504975,0.4397687425880479,0.4467119410624146,-0.40127835230938136,-0.950481393689512,0.4418846924172587,2.1052445687812495e-06,4.99524933895538e-09,4,0.8,0.0035693728268531982,0.004827293604200977,0.001613913806235812,0.010314847190310946,3.430004813536863e-05,6.258332325955885,0.02331909780981504,6.219810953838306,6.299233569912862,0.04598036707037987,-1.2142305068013353,6.2904462538526635,5.299914188207559e-05,-1.2900525717895232e-07,0,0.0,0.0,0.0,0.0015804182092963677,0.0023682939523244394,1.3616800836320318e-05,-1.8194292716749132,42.99215295766535,-88.34152755976547,51.72426795651059,-0.4745150642141901,-1.2073581671810645,-0.009724485086650402,3.6826238698913722,70.4225352112676,852.0,87.40709353364863,0.1025904853681322,47.505811239485865,3.043971174493691,0.0,32.417888,0.009088218214949118,32.41,32.43000000000001,-2.5965994217919696e-06,0.020000000000010232,0.0,0.16461769785202174,1.623574298818852
19,75,187.5,192.496,0.0,0.0,0.0,0.0,0.0,0.0002262856504693966,0.11910884519477748,-0.1446045939925325,0.8061102119374908,3.7607742223393843,17.838933273465933,69.25207756232687,866.4,42.388677733564656,50.0,96.0,50.0,0.4421417902537562,0.0020067013369648827,0.4396968754747793,0.4466796289719799,0.6335928454584157,-0.6007269683666907,0.43950439266376995,3.4727149386320513e-06,8.155773592506178e-09,3,0.6,0.0038248006372731402,0.0071743845065934675,0.0020063205903816635,0.013178019444487689,5.488984050602971e-05,6.22909158961857,0.012076804876883057,6.215491423779076,6.258064687009035,0.964445649537302,-0.46732832790922396,6.249557964399989,7.085650665347915e-05,-1.743033431916774e-07,0,0.0,0.0,0.0,0.001439880124931343,0.002057474013696334,1.121835339312655e-05,2.0419042541477608,43.88808222615183,-92.60577192825797,55.51295885426161,-0.5736345827488929,-1.0340897037813306,-0.0039498790893835725,3.8050149289061546,67.95016987542469,883.0,47.145165888632384,0.053392033848960796,50.72616859012355,3.120983101204598,0.0,32.417888,0.00907057739074479,32.40999999999999,32.43000000000001,-1.999197439460564e-06,0.020000000000017337,0.0,-0.03300255363873287,1.301907686902183
19,76,190.0,194.996,0.0,0.0,0.0,0.0,0.0,0.0012137168990328196,0.11627128891901777,-0.1402145096779686,0.7334793198363497,3.64265500891622,16.932946520306647,68.6184812442818,874.4,36.066605052319524,51.73006862551025,100.0,50.0,0.44017442501867743,0.002217144963986246,0.4363433857127027,0.4437526824008342,0.006383417115088583,-0.9643407540599744,0.44089042595361944,3.461308066443625e-06,-8.641037456747788e-09,1,0.2,0.0028640753886536863,0.0028640753886536863,0.0010293489913074704,0.0029736993541346446,7.0632635556943136e-06,6.209019150983523,0.013530794971869094,6.179370555266471,6.2224001856384685,-0.790230866054524,-0.8006958852512644,6.2126725518236094,3.1171394819433464e-05,-7.813162900680793e-08,1,0.2,0.009720707794287797,0.009720707794287797,0.0038653159206357658,0.018762142729542606,0.00014515252010464553,3.2971167990918575,45.16653861389754,-92.60577192825797,55.84070963881052,-0.6438067917695045,-0.9543025404548677,-0.00216179839231877,3.7129943570510107,68.11989100817439,880.8,39.0281949364815,0.04430993975531505,52.60845709642729,3.1768014294411357,0.0,32.417455999999994,0.009683444447671444,32.39,32.43000000000001,2.665842346148001e-06,0.04000000000000625,-0.019999999999988916,0.5440114105057632,0.49859023610740394
19,77,192.5,197.496,0.0,0.0,0.0,0.0,0.0,0.00044229965638238654,0.11832500922184727,-0.1470853487784211,0.774127001091071,3.7346442282212653,17.592367876121703,66.25441696113074,905.6,45.48406314303946,51.49757275833493,120.0,25.0,0.43901362509778685,0.0023861978574300164,0.4356717026352027,0.4437526824008342,0.2400055156110843,-1.1312061609577082,0.4427289785692079,7.905193265215368e-06,-1.9145573820838666e-08,1,0.2,0.0010028254741464293,0.0010028254741464293,0.00021995825408082146,0.00029309571971770134,2.5912229948478097e-07,6.174729071540729,0.02724605661797698,6.125104798757429,6.215445061479513,-0.28453895365773885,-1.1758634517873137,6.206757915811657,2.156812317843321e-05,-5.272852914403979e-08,0,0.0,0.0,0.0,0.0017671076919110586,0.003023298840853391,1.744984314389875e-05,0.7755550317906216,44.86636582469322,-91.35099612232013,55.84070963881052,-0.5667937006865968,-1.127979556855225,0.01044102893658937,3.6948027069881317,68.87052341597796,871.2,28.199290771223307,0.03236833192289176,51.978886069389695,3.4432231539376987,0.0,32.41003999999999,0.011875319519362031,32.39,32.43000000000001,-7.707601732880858e-06,0.04000000000000625,0.0,0.43844306596442667,2.6161064548472126
19,78,195.0,199.996,0.0,0.0,0.0,0.0,0.0,0.0004970097925642411,0.11690271661310864,-0.1561422458813058,0.774127001091071,3.829426934525817,18.594781466719024,66.3716814159292,904.0,44.81071300481616,56.49778756730214,124.0,75.0,0.43864736547197064,0.0019279687564131846,0.4356717026352027,0.4414053617520205,-0.27194618152569777,-1.2718997249235817,0.44035257028548513,3.886467346722378e-06,-9.43877151765574e-09,2,0.4,0.0009474680988283968,0.001043408519106337,0.000314163201830621,0.0008006738325267666,6.218384348483843e-07,6.1311042189926654,0.024111494132797968,6.100282399097506,6.179321685181275,0.5466383264500629,-1.043315608984285,6.169812768908146,8.119093336162016e-05,-2.0051506209203212e-07,0,0.0,0.0,0.0,0.0017533832351139525,0.0024644111652154205,1.6592505408415947e-05,-2.070243270304994,45.72145575868188,-99.1255262056876,60.45559363266913,-0.4618644743511476,-1.163477558868182,0.0044436923416884214,3.9711973732496078,66.60746003552399,900.8,45.024437808816664,0.049982724032878185,53.41045489534252,4.36942963550825,0.0,32.40659199999999,0.013925994535794713,32.39,32.43000000000001,2.126132560726264e-05,0.04000000000000625,0.01999999999999602,0.41670989859020946,0.2357786195947824
19,79,197.5,202.496,0.0,0.0,0.0,0.0,0.0,-0.0007843215766470625,0.10558804850848895,-0.1561422458813058,0.745347713667621,3.8918563291817003,20.51697726734647,69.70260223048328,860.8,146.0246554524269,119.71633138381748,356.0,75.0,0.4371408271363388,0.0017573786991825979,0.4346280516454783,0.4398092656257013,0.2105468960325063,-1.4715384561604228,0.43547524224271683,2.8040622577046253e-06,6.738883668935977e-09,4,0.8,0.002714113170805943,0.004333835126807739,0.0016400515671398683,0.00882312601753713,2.901793219482059e-05,6.099826826775478,0.012508121349676092,6.080091945867649,6.125037035287163,0.15071537285153602,-1.0941600963867388,6.117044296944251,3.98755686992593e-05,-9.302074964083248e-08,0,0.0,0.0,0.0,0.0014178405948252913,0.0020841812061528882,1.0925252903584666e-05,-3.7780592901677257,49.308447117757666,-102.88230471462404,60.45559363266913,-0.4390198230604253,-1.1838097564583105,-0.004632733559040858,3.7851569546498265,66.66666666666667,900.0,51.536394906900505,0.05726266100766723,56.198923285533795,3.8084897758841825,0.0,32.4034,0.015005307587288566,32.38999999999999,32.43000000000001,-1.3418002827522576e-05,0.04000000000001336,-0.01999999999999602,0.4170732363998312,3.035935563816608
19,80,200.0,204.996,0.0,0.0,0.0,0.0,0.0,-0.0007826105209748324,0.11108301779930557,-0.1456715646515649,0.7923769323105115,3.918102308606662,20.47649740235649,68.74427131072412,872.8,107.90366073493522,161.22034611053283,268.0,75.0,0.4359901051717977,0.0011536398866591596,0.4339614131752296,0.4380003481481981,0.1093056073920834,-1.2129786150775128,0.43642939872889347,1.6701879641308571e-06,-3.90832634795908e-09,3,0.6,0.0011806446146708411,0.0015721112802905557,0.0004930200355275174,0.0015832369013282562,1.7158568143787436e-06,6.076988459969718,0.014187933453055315,6.04854928805892,6.10023309670616,-0.342143065910064,-0.9908573112832246,6.092365362482766,2.6632475310672276e-05,-6.616354669215417e-08,0,0.0,0.0,0.0,0.0015720400318167008,0.002699832161083558,1.382136716340227e-05,1.8676677184694557,48.74410139519058,-102.88230471462404,62.06175672655737,-0.6434303739838444,-0.9583208298696086,0.0019638385286489366,3.8446978899660325,70.29053420805998,853.6,146.54965028958617,0.17168422011432305,55.82873383968387,6.68239682938039,0.0,32.405967999999994,0.014566490842111193,32.38999999999999,32.43000000000001,2.4358210789272226e-05,0.04000000000001336,0.0,0.03268007479492863,1.5462628973358647
19,81,202.5,207.496,0.0,0.0,0.0,0.0,0.0,0.0014757098026253826,0.12015633677730586,-0.1651345058142009,0.7923769323105115,3.783570493352116,18.219599756532954,66.07929515418502,908.0,33.1058907144937,47.958315233127195,88.0,50.0,0.43514006553641127,0.001753981418115939,0.431324901748951,0.4380003481481981,-0.29641136774425736,-0.596299762499632,0.43635393881002066,2.7396099989708057e-06,-6.858199370254017e-09,2,0.4,0.001206930208380197,0.001644786980802393,0.00047668739041804094,0.0012727711636462355,1.4604827516239332e-06,6.046247748157837,0.021561703176915737,6.007454539203157,6.080059301503005,-0.15008784701479058,-1.2571704755682849,6.0716553004422575,5.161231677741438e-05,-1.233538206207893e-07,0,0.0,0.0,0.0,0.0017630517189530306,0.003061743657236029,1.74244470727531e-05,3.3016093383256733,50.248487737213765,-104.33188786944456,62.06175672655737,-0.6713176725714339,-0.9547235376473853,-0.005918093788263624,3.7293195097904506,65.44502617801048,916.8,55.8139767441812,0.06087911948536344,57.77950083091338,3.5364629400721004,0.0,32.411232,0.01465497897662897,32.39,32.43000000000001,2.128119121995036e-06,0.04000000000000625,0.03999999999999915,0.4220568125136067,0.634268976174539
19,82,205.0,209.996,0.0,0.0,0.0,0.0,0.0,-0.0001371584243365887,0.11744941314827295,-0.1651345058142009,0.7464351889323881,3.746945628627432,17.921492465589537,68.74427131072412,872.8,46.938257317459076,51.18593556827891,116.0,75.0,0.43334704822498904,0.0020923690903823324,0.4297233502604211,0.4374128305482337,0.11866786227362344,-0.9341135219045738,0.43360654243107566,2.509369251936721e-07,-6.492881443516809e-10,2,0.4,0.00289708774071204,0.00380640087560008,0.0011170907186917216,0.003833843687721426,9.176368667786893e-06,6.008322746596981,0.022384367686382745,5.969383505697294,6.048495929440558,0.022403945731488482,-1.1180157638079264,6.0398180641717065,5.1614074151730096e-05,-1.2497719250378497e-07,0,0.0,0.0,0.0,0.0015438055907064303,0.002132593224351599,1.2831345169305254e-05,-2.1088037195237623,51.28502687810179,-104.33188786944456,58.61262775409647,-0.49581253750453425,-1.2054213162011476,0.002550812509143758,3.597706473527539,65.73181419807187,912.8,32.17452408350433,0.03524816398280492,54.47605401362468,3.8115631245870945,0.0,32.40608262295081,0.014182391009545384,32.39,32.43000000000001,-7.286476762974844e-06,0.04000000000000625,-0.0016393442622941734,0.2985027993193048,3.0124571126522426
19,83,207.5,212.496,2.4536,17.666666666666668,0.0,17.666666666666668,9.0,-0.0013745270526935728,0.10988591818080679,-0.1612362607251843,0.7358254663831776,3.8627634340485177,19.851450352363162,71.36060894386299,840.8,123.85152401161643,129.0891165048394,336.0,100.0,0.4329977191012228,0.0022690948799256815,0.4291978168047086,0.4374128305482337,0.0063994240612183,-1.1854428084569089,0.43626388028719665,8.167049776212693e-06,-1.975862490438428e-08,1,0.2,0.0011267373911869605,0.0011267373911869605,0.00021358354830739283,0.0002493476295721923,2.4054871301911717e-07,5.975731176380234,0.020514896723765212,5.9452033412751,6.047622915933147,0.3984163467689399,-0.4520705469341997,5.999035755681539,7.027483044567404e-05,-1.737157689239525e-07,0,0.0,0.0,0.0,0.005002914130066481,0.006405366553143313,0.00013354507796323217,-2.573595246353304,44.208820970988214,-97.53344445126788,55.16174638156931,-0.5220210383032373,-1.072607385522732,-0.0029276793017754777,3.969874359860043,68.3371298405467,878.0,62.353829072479584,0.07101802855635488,48.13866117731336,6.652350563866832,0.0,32.407408,0.00967878850549786,32.39,32.43000000000001,-1.7432587156563205e-06,0.04000000000000625,-0.020000000000003126,-0.12116201321633417,3.0234791033162907
19,84,210.0,214.996,17.6636,45.0,0.0,45.0,37.0,-0.00010607055985589016,0.11363744775095404,-0.1529544123080131,0.7490564310413064,3.805761903798684,18.89312374080619,68.4931506849315,876.0,159.92498241363043,198.33305322109072,404.0,50.0,0.43620749938930137,0.004316227507167494,0.4291978168047086,0.4442776852841558,0.5068583778196548,-0.6841998646008998,0.4333500974022489,9.76829638963397e-07,2.4132416923402165e-09,3,0.6,0.004879115473446364,0.010402698098810337,0.003713429143355311,0.016863652440570878,0.0001259255799158882,6.3009726077555674,0.39809845228330365,5.9452033412751,6.979557312558747,0.5810053650387577,-1.3842263541248372,5.9661025263378855,7.574399873682874e-05,1.8451778978081148e-07,0,0.0,0.0,0.0,0.3943303346872887,1.6936860194533707,1.3519531338122552,2.0406152062348033,43.26400168650868,-95.05746904408574,53.94944615041076,-0.6361738322346467,-0.8540030004162102,0.0008737665295285217,3.9455932922742476,68.87052341597796,871.2,151.086730059261,0.1734237030064979,46.50571661681506,6.409867713742183,0.0,32.39797287704917,0.015414570557545311,32.36999999999999,32.41,-3.600164613349987e-05,0.04000000000000625,-0.002438524590168356,0.8917924528388632,0.3773727310464494
19,85,212.5,217.496,44.6796,68.0,18.0,50.0,65.0,0.0009340010578815065,0.12022609074227908,-0.1728908287038919,0.7490564310413064,3.6119308212231287,16.462220556079032,69.06077348066299,868.8,46.25148646259923,64.31174076325411,120.0,25.0,0.4387598989357728,0.003663060400965723,0.4315783986723752,0.4442859039766278,0.09189674923935391,-1.2629319683945677,0.4314128646403655,1.0905534358178147e-05,2.6069112072781395e-08,2,0.4,0.012602356013458132,0.012867130851321296,0.003657633843879306,0.036714312695609916,0.0003367324782275665,6.795591651135533,0.26149839072857567,6.049099440238702,6.990396303617154,-1.5379724919335611,1.0588908490532507,6.077716187666692,0.000973011937146461,2.3408970164953293e-06,1,0.2,0.9120615944571222,0.9120615944571222,0.2600319202255943,3.588673259977723,2.915853728615287,3.389749287061305,47.23904595539766,-95.05746904408574,56.783849411135215,-0.6227325968676907,-0.9923901791210255,0.0006699112984471203,3.6198957448640705,65.04770164787512,922.4,59.77290356005805,0.0648014999566978,52.90153806220257,3.1438177809098855,0.0,32.393952,0.014089740500621527,32.36999999999999,32.41,1.1032931221100282e-05,0.04000000000000625,0.0,0.6127707846001635,4.0130718327878725
19,86,215.0,219.996,58.6964,71.0,43.99999999999999,27.000000000000007,69.99999999999999,0.001447410694278285,0.11865041253577421,-0.1728908287038919,0.7904780572342501,3.646849637215398,17.164484485208582,70.35647279549718,852.8,73.50646230094331,87.74964387392122,164.0,50.0,0.4384544264240506,0.0029611948515069837,0.4334610615160013,0.4442859039766278,0.1662643271099152,-0.996055049991992,0.44323324959977983,9.21209631407802e-06,-2.2185912157248046e-08,1,0.2,0.0010262996205882002,0.0010262996205882002,0.00018566291949151977,0.00021535759442340585,1.8166802182282663e-07,6.883224050995603,0.07836529891051362,6.742502297915784,6.990396303617154,-0.1718667293049945,-1.286157667697915,6.9654617518482755,5.2528027719154726e-05,-1.3064359514624278e-07,1,0.2,0.024830590007304032,0.024830590007304032,0.007967853519611021,0.01933726502915832,0.0003921853376432903,0.2010898992209375,45.50224625589823,-94.35568743060892,56.783849411135215,-0.5258060914813144,-1.1058853820652532,0.012180867251611917,3.780561743466239,70.55503292568203,850.4,62.00645127726631,0.07291445352453706,53.055097029857535,3.398170798776397,0.0,32.397985286885245,0.00910677139364603,32.39,32.41,-1.2668243302384758e-05,0.01999999999999602,0.002141393442620654,0.3713862656633864,0.19856013018484475
19,87,217.5,222.496,37.1792,71.0,0.0,71.0,69.99999999999999,-0.00024276355963070913,0.12358570575891886,-0.1589143466428557,0.7904780572342501,3.801175177755192,17.754660716002704,66.96428571428571,896.0,56.7097875150313,82.48636250920512,128.0,50.0,0.43682923168743254,0.0027292593926442872,0.4330929948525693,0.4423210091782184,0.43534340329917076,-0.8218522214651096,0.4405282631701128,5.5816320377270365e-06,-1.3810325970657807e-08,1,0.2,0.0017796648224266964,0.0017796648224266964,0.00045097556902775514,0.0007935141776726763,1.1427375010825943e-06,6.750150801034701,0.0747977600094489,6.635205819988372,6.888271029732776,0.2222911273094823,-1.1917001842642037,6.875159060084482,0.00014837366863230717,-3.6005079175264056e-07,0,0.0,0.0,0.0,0.0016452548366209959,0.0016062102972814447,1.405589969861448e-05,-1.8616092798136996,46.290655703916165,-97.41267524710209,57.53166223329419,-0.4752888891318617,-1.1333419048446274,0.008451832895515064,3.8307718471769223,69.83240223463687,859.2,81.60392147439974,0.0949766311387334,53.44192634294544,2.7071250442250667,0.0,32.402007999999995,0.009465095683695019,32.39,32.410000000000004,1.704728643028193e-05,0.020000000000003126,0.0,0.7120185542313073,2.8681165203511654
19,88,220.0,224.996,7.9524,51.000000000000014,0.0,51.000000000000014,48.0,-0.0019900929888880155,0.11413400160166468,-0.1463548345090366,0.7739885583990971,3.9871988741229676,20.26510681106927,69.70260223048328,860.8,81.26007629826593,105.1094667477673,204.0,25.0,0.4338472766180181,0.0019794194916627704,0.4307751828056776,0.4376498481190178,0.30301808545102216,-0.9802646927913043,0.4330907618052126,6.649980586883239e-07,8.15361204702757e-10,3,0.6,0.002683611460197003,0.004558759036784876,0.0014943555493157521,0.006102348447403874,1.860843359501967e-05,6.640082895557035,0.052554770517607624,6.558204415156935,6.742288477623119,0.23124295314364995,-1.1321944340245926,6.731195040154847,0.00011691383972123995,-2.824677224421928e-07,0,0.0,0.0,0.0,0.0012616678938908979,0.0011207156359526707,8.213598568353405e-06,-2.943429247946445,47.85427856892691,-97.41267524710209,57.53166223329419,-0.43057105142228586,-1.2453524213725145,-0.0006252886735063854,3.659710512144632,65.64551422319475,914.0,40.98780306383839,0.044844423483411805,54.31501139349016,1.956409686300545,0.0,32.40561521311474,0.00806475418205998,32.39,32.410000000000004,-1.6405142166164247e-05,0.020000000000003126,-0.01934426229507835,0.5008059319493169,4.057088007288527
19,89,222.5,227.496,0.0,0.0,0.0,0.0,0.0,-0.0007783433061707104,0.11208819819796088,-0.1393518954067355,0.8074407194344329,3.9236526044227715,20.33404792817058,70.95553453169347,845.6,125.93966809548134,157.3276835143771,304.0,50.0,0.4320724187017048,0.0019698765192423594,0.4291078645006642,0.4358022984944651,0.3348474087601104,-1.0011091079894217,0.4350731471067218,6.557634020973288e-06,-1.5841430952830808e-08,1,0.2,0.0007334623044380484,0.0007334623044380484,0.00016448119386704496,0.00026064289728379463,1.4886014130908955e-07,6.560756303119572,0.03934346411970556,6.497854459028743,6.635055426490171,0.16846481030615357,-1.1689933752138295,6.624950598561509,9.58530849705933e-05,-2.329924552569582e-07,0,0.0,0.0,0.0,0.0013054357473184792,0.0013394853123888774,8.883453652953664e-06,-1.6447916400517737,46.42640055454352,-93.64678006375016,54.413175729508886,-0.5099950672731137,-1.1837212640740096,-0.009429257375428836,3.610688343882542,71.22507122507123,842.4,115.67540793098591,0.13731648614789402,50.7309956441538,4.988085432666212,0.0,32.39561599999999,0.008796396939964802,32.38999999999999,32.41,-1.936571607404626e-05,0.020000000000003126,-0.01999999999999602,0.35698860523478143,0.2695366933777592
19,90,225.0,229.996,0.0,0.0,0.0,0.0,0.0,0.000742084585881284,0.12431448591990177,-0.1623163395956966,0.8074407194344329,3.790570219330212,17.886870515993373,67.14413607878245,893.6,44.23573216303761,70.39886362719217,112.0,50.0,0.43092975687382534,0.0022539094416279036,0.4267366092344136,0.4358022984944651,0.685424943897917,-0.2780237670389831,0.43250439305116123,2.2526093684923615e-06,-5.59673153901703e-09,1,0.2,0.0032938385828956696,0.0032938385828956696,0.0009868335232319262,0.0021488114268308905,5.790657424542449e-06,6.496601212055675,0.03458760194961841,6.437293659540599,6.558080139268312,0.020841748823066737,-1.2132759655460907,6.5485977713169365,6.313769315974259e-05,-1.5110812711872772e-07,0,0.0,0.0,0.0,0.0012944063997928645,0.0013960976312889172,8.771004403901222e-06,2.4294289333861245,47.44186540266665,-98.75991380157278,58.36828525851184,-0.6428965042643642,-0.9733536027218306,-0.004017550685634987,3.74111086662925,66.84491978609626,897.6,37.48066168039193,0.041756530392593506,54.458809700891464,3.1702016528999906,0.0,32.38601599999999,0.007579940244460607,32.36999999999999,32.39000000000001,-1.4436934679637992e-05,0.020000000000017337,0.0,0.6779551094385772,0.29921629268619654
19,91,227.5,232.496,0.0,0.0,0.0,0.0,0.0,0.0023203101185109835,0.1237672979845705,-0.1623163395956966,0.7860208026713217,3.7302468977747867,17.470728899506454,68.30601092896175,878.4,54.22914345626344,64.31174076325411,128.0,75.0,0.42991198778203304,0.0019974752944816043,0.4260184881180588,0.4331691570117335,-0.22806016101710785,-1.1007947130080327,0.429959581587639,1.970812366610733e-06,-4.95044049213176e-09,2,0.4,0.002614993044502495,0.0032112160313049753,0.0010103965164315629,0.0042965987027652275,8.794760364555232e-06,6.4374329455637,0.03342928569607152,6.38133267181336,6.497747935149329,0.028259226599879995,-1.2062872110155938,6.4881680127970025,8.082600378527872e-05,-1.9450643101900502e-07,0,0.0,0.0,0.0,0.0013599147606334282,0.0015037921111082538,9.703034694942733e-06,3.0162940807333243,49.83374713445143,-105.65400636505784,59.52549012232775,-0.6483248851090934,-0.9768754562064146,-0.0013410361893082222,3.7332296524922537,66.13756613756614,907.2,33.988233257996804,0.037464983749996475,56.40851740716999,2.466115248285557,0.0,32.38601599999999,0.007579940244460674,32.36999999999999,32.39000000000001,4.686277559243514e-06,0.020000000000017337,0.0,0.10073531956230514,2.168444791395615
19,92,230.0,234.996,0.0,0.0,0.0,0.0,0.0,0.0006644751457124741,0.11325782050738581,-0.1529538506018031,0.768863064536633,3.877114438028193,19.396307034459426,67.62849413886384,887.2,96.14156229227815,142.42190842703943,244.0,100.0,0.4280443417263825,0.002595528773888609,0.4236551050280569,0.4331691570117335,0.3043586974391902,-0.6726515003170412,0.4267055456136044,1.5964535420891182e-06,3.27885028465746e-09,2,0.4,0.004097746630882693,0.006463202418506675,0.002042807594823317,0.009114259866324581,3.7473215088281236e-05,6.382015210085069,0.03072887463183764,6.329437099135999,6.4372051834251725,0.04078028199578766,-1.1504465379614837,6.427700254137152,6.77437246275678e-05,-1.6538198748367667e-07,0,0.0,0.0,0.0,0.0014856347483799294,0.0018148677993744134,1.1699065226324097e-05,-1.2603542823166116,48.42708764713406,-105.65400636505784,59.52549012232775,-0.5052762350749083,-1.147683031853488,0.002977030145813262,3.86925068475458,66.07929515418502,908.0,62.928530890209096,0.06930454943855627,52.1963822501727,4.440165881437177,0.0,32.389999999999986,1.452593967052176e-14,32.39,32.39000000000001,6.883999993565738e-18,7.105427357601002e-15,0.0,0.2935422009267486,1.5491989846788243
19,93,232.5,237.496,0.0,0.0,0.0,0.0,0.0,-0.0022519513967436916,0.10849088364953874,-0.1434071030925963,0.7582992737902228,3.95947404565589,20.810902082956,64.51612903225806,930.0,54.699177324709375,70.1237002256251,116.0,33.33333333333333,0.4262919873174273,0.0015048794600905668,0.4236551050280569,0.4284907715097012,-0.012203999842309299,-1.3415286112108042,0.4270168861885523,4.4066286721741365e-06,-1.0986721855631475e-08,3,0.6,0.0010068390145202555,0.0014764728309071828,0.0005380920924474858,0.0017561521776985546,2.0636552954410454e-06,6.332060433302002,0.027465987056845054,6.286378963647227,6.381263640585723,0.1168525555799818,-1.1628619843024608,6.3718974758740625,5.067193679000501e-05,-1.2478291634463375e-07,0,0.0,0.0,0.0,0.0016539804209433821,0.002308855506986465,1.4750583655787334e-05,-3.3272877529580365,45.10318755363602,-90.98045313503413,50.71312631162821,-0.4500394117365915,-1.222109953112927,-0.004071165301479212,3.5651179636351316,64.72491909385113,927.0,70.22819946431775,0.07575857547391343,49.205432433276805,1.4780845752190077,0.0,32.38753599999999,0.006306716862856327,32.36999999999999,32.39000000000001,-1.0348468703013928e-05,0.020000000000017337,-0.020000000000003126,-0.05785976768600117,0.20879006159306357
19,94,235.0,239.996,0.0,0.0,0.0,0.0,0.0,-0.0009492594031660673,0.12045719366517521,-0.1493768429394913,0.7973541608253865,3.85266410511265,18.92233052808395,71.09004739336493,844.0,133.38665600426452,167.35590817177624,320.0,75.0,0.42678526140569656,0.0016945258163755669,0.42378413860366,0.4303968955613401,0.3603255120383217,-0.7447326655267177,0.42737638411638446,3.7889032302296174e-06,-9.273205490869017e-09,3,0.6,0.0014519340247332035,0.0030234601015314833,0.0008373980181377025,0.002271917591313143,4.537098375123676e-06,6.2873214024737525,0.024278633088540124,6.247631253809684,6.329356319211668,0.08093082683509221,-1.2613927910033158,6.320603176210635,3.360448567331303e-05,-8.165144734481449e-08,0,0.0,0.0,0.0,0.0015445918447240037,0.002368711240235152,1.3057896673367698e-05,1.561790318060971,46.30027801423064,-100.202422870373,57.26559276403965,-0.6112398492220409,-0.9786131081595366,0.0028019674454447772,3.864634802513364,67.68953068592057,886.4,63.91244010362927,0.07210338459344458,51.09107523434864,3.6199487116736666,0.0,32.381875934426226,0.009161454370310034,32.36999999999999,32.39000000000001,-1.3962723333506652e-05,0.020000000000017337,-0.001967213114753008,-0.17964151422464428,3.4005167074443534
19,95,237.5,242.496,0.0,0.0,0.0,0.0,0.0,0.0008963998966262043,0.12502399571519995,-0.1523390631797198,0.7973541608253865,3.7894890175531346,17.580374858383276,66.54835847382431,901.6,55.756613957449034,67.97058187186572,128.0,50.0,0.42572200888217304,0.00213547765483578,0.4230282003963539,0.4303968955613401,0.7250530972175383,-0.6322144087749035,0.4244193643845536,2.8158100459174584e-06,6.92567515270143e-09,3,0.6,0.003230416843853464,0.00597815073768726,0.0018951516528126528,0.007785695772856083,3.0070738646406343e-05,6.247315415026605,0.021785937927044988,6.209338509019821,6.286313562881145,0.02764098981818047,-1.1786162658689394,6.277578656307008,6.72785629623158e-05,-1.6555520426542167e-07,0,0.0,0.0,0.0,0.0014991212163734306,0.0020706148993080015,1.2099540241598146e-05,3.055694885121407,48.79501493010447,-100.202422870373,58.53885479122767,-0.6580363231254476,-0.9546245767305663,-0.00413869894834426,3.6688984634496937,66.02112676056339,908.8,52.64218840435873,0.057924943226627126,53.767596170642555,4.1703292765946705,0.0,32.380303999999995,0.009178571828246024,32.36999999999999,32.39000000000001,9.197573886536115e-07,0.020000000000017337,0.020000000000003126,0.5892277600569554,0.5272317132609174
19,96,240.0,244.996,0.0,0.0,0.0,0.0,0.0,-0.0004937460810674148,0.11231976376638983,-0.1523390631797198,0.7474135737674706,3.9026193147602375,19.631849718957017,66.48936170212767,902.4,74.54394676967406,109.5810202544218,172.0,75.0,0.42336599374142625,0.0016635558403299234,0.4197542129040353,0.4258671942956276,-0.7536761282186532,-0.48020238743847354,0.423447423116758,1.4700618688389926e-06,-3.7015088251051094e-09,3,0.6,0.0015453903299560423,0.0024206930461709852,0.0007158613247883464,0.0030967493093060116,4.482205626217842e-06,6.210382295487976,0.020920363588382014,6.175143049029108,6.247573205002309,0.01933084359019428,-1.1758098028243078,6.238903596242145,6.818882020639952e-05,-1.690004442033744e-07,0,0.0,0.0,0.0,0.0015246574155457846,0.0021487720717257267,1.2551686466062551e-05,-2.306600475863447,48.84268374425554,-98.9476990422776,58.53885479122767,-0.47240686819278793,-1.2044292599322788,0.000631464160860248,3.646762696459657,65.33101045296168,918.4,46.26877997094802,0.05037976913212981,53.89364578274289,3.896825717846107,0.0,32.38999046557377,0.012155030680502986,32.36999999999999,32.41,2.3253035067125797e-05,0.04000000000000625,0.003972677595626806,0.42587319643998234,1.1583512491659889
19,97,242.5,247.496,2.6244,13.0,0.0,13.0,6.0,-0.0006121242020885055,0.11775959716638813,-0.144750603764166,0.792762467059169,3.9077012990819715,19.530912781134138,68.43065693430657,876.8,127.66832026779393,160.53660018824368,316.0,25.0,0.42360732428616665,0.002197191402286344,0.4197542129040353,0.4269930604238449,-0.2264933806383371,-1.325837283087069,0.4237707029738989,3.758779741646957e-06,-9.374354514771345e-09,2,0.4,0.0026572261062338676,0.003225326276295404,0.0010324981368411079,0.004495049444950645,9.369844813412783e-06,6.17555983609338,0.019520134090812376,6.142460944426412,6.209262615699196,0.031494330049953216,-1.1847869055167222,6.201024222756636,4.324286971352952e-05,-1.0738966403554344e-07,0,0.0,0.0,0.0,0.0015210246639084813,0.0025398087251515696,1.2865004593471589e-05,-1.3218825642886347,46.22124399129652,-94.47900144702584,56.39732871899797,-0.5154752287767654,-1.1279108977331347,0.0024389248562956584,3.705888767766118,65.50218340611353,916.0,47.10272462041518,0.05142218845023491,52.776479410428536,2.6457960477571123,0.0,32.38759199999999,0.013924053815982232,32.36999999999999,32.41,-2.5583499253400403e-05,0.04000000000000625,-0.020000000000003126,-0.09892397902475021,2.928473528193038
19,98,245.0,249.996,23.62,53.0,0.0,53.0,52.0,0.0008807950754656587,0.12302138330539134,-0.1683184811607435,0.792762467059169,3.678387402364477,17.034225719543,66.84491978609626,897.6,45.659610160403254,59.295868321494375,108.0,25.0,0.4233905338041459,0.0018942854069161688,0.4207844837674035,0.4269930604238449,0.44492525978193104,-1.1589449208521254,0.42406892132852353,5.986451968801222e-07,1.4595370638653334e-09,1,0.2,0.0029245041939376937,0.0029245041939376937,0.0009115945204731106,0.0028903452780091625,5.824107033316237e-06,6.157212005199498,0.024096761703559785,6.132772687568136,6.2526240920976575,1.7453753177408284,3.4084224401248164,6.1667072444708255,4.451835836526803e-05,-1.1054035605529435e-07,0,0.0,0.0,0.0,0.015892362302954433,0.02753346166773516,0.0014155263332686957,2.580315619775657,47.581673518519835,-98.39023468610613,59.42425853569125,-0.6553576103256582,-0.9976716513487673,0.0008485956507994956,3.7266618778244083,67.14413607878245,893.6,77.4906445966221,0.08671737309380272,53.57810930588144,4.018993913222061,0.0,32.37392349473684,0.00758549698085446,32.36999999999999,32.392,-1.2387665278823803e-05,0.022000000000012676,-0.004456140350882265,0.3730283891872547,0.29921629268619654
19,99,247.5,252.496,51.4652,81.00000000000001,13.0,68.00000000000001,73.0,0.002237730537794232,0.11740962300445644,-0.1683184811607435,0.8021996281265313,3.823484357922483,18.468449774841616,65.21739130434783,920.0,75.41883053985921,81.11719916269298,196.0,75.0,0.42145367444132265,0.0019259262687656258,0.4172839355851763,0.4240667276011701,-0.9098494004915246,-0.26707881934680033,0.420666013061146,1.7261555688872474e-06,-4.465156540718241e-09,4,0.8,0.0025833123731070495,0.0034014418602915097,0.0010631224407030091,0.00659520759218254,1.4360427393662372e-05,6.253499160908353,0.10387813813613887,6.132772687568136,6.381149439629664,0.03526239100879088,-1.7578206478920253,6.1378581996049,1.6997329884320795e-05,3.819150946980401e-08,1,0.2,0.24328083328800165,0.24328083328800165,0.10303364634560098,0.5813655004661643,0.12074780755589012,0.6611835691566197,49.22555273430473,-98.62014518124518,59.42425853569125,-0.5558702241548407,-1.143799215068307,0.0015589217314065412,3.6108728698707746,66.19593998234775,906.4,46.61330282226309,0.051426856600025474,55.15691861171032,2.7627042015939516,0.0,32.37396,0.007543140758171672,32.36999999999999,32.39000000000001,3.1015443850166144e-06,0.020000000000017337,-7.105427357601002e-15,-0.3121074418748682,0.9785486779999246
19,100,250.0,254.996,66.3892,81.00000000000001,25.2,55.80000000000001,81.0,-0.0013838092175104289,0.11381860756739298,-0.1503727058994808,0.8021996281265313,3.973042127976975,20.437573951917084,62.69592476489028,957.0,49.57149718672348,68.89605697474033,112.0,33.33333333333333,0.42056783419163746,0.0028897244945014153,0.4166635470050923,0.4256487094354444,0.20357304098544124,-1.4546290332388905,0.4233758381211841,6.635678116190401e-06,-1.6116883503139163e-08,2,0.4,0.0014005479076348026,0.0022771689645459947,0.0005843232497256084,0.0012344204875787326,2.011199622662904e-06,6.370249093459618,0.04078833779601155,6.253243450621651,6.476807505366572,-0.06699598914838704,1.3300773337139455,6.247126689115326,0.00015588584352931438,3.724623713240362e-07,1,0.2,0.1339746480732833,0.1339746480732833,0.04066808296995984,0.6151397331496251,0.08405848154796328,-3.131876091246501,46.22548081259811,-98.62014518124518,56.265083843983525,-0.40919522313946444,-1.1911063588475614,-0.0017608572685530418,3.8109502548284135,63.424947145877375,946.0,52.0,0.05496828752642706,52.05179964788624,3.297149829897055,0.0,32.37795277192983,0.009079005294737338,32.36999999999999,32.39000000000001,-5.49542158865991e-06,0.020000000000017337,-0.0015614035087807565,-0.2574847171788612,0.7290223809870966
19,101,252.5,257.496,40.282,81.00000000000001,0.0,81.00000000000001,81.0,-0.0022377019362628736,0.11272040257728155,-0.1864922067557525,0.7358290802159093,3.571722586809936,17.60351812865216,70.29053420805998,853.6,109.56641821288127,148.04053498957643,260.0,75.0,0.4205895675845104,0.002769404143025302,0.4154583047980759,0.4256487094354444,0.11761451327677944,-1.1564046094795422,0.42175830102052025,3.230767256532012e-06,-7.959711517568225e-09,2,0.4,0.002885719276619625,0.0038843997218576676,0.0011492245408040655,0.00341737253564271,8.937024307657904e-06,6.47557767187859,0.10285099053074456,6.3570031336617925,6.732655762042917,0.6139527044915859,-0.49403261225795525,6.371951593824337,9.374872044132887e-06,2.2827938277219535e-08,0,0.0,0.0,0.0,0.100458781102595,0.528362523514886,0.10640756497251092,0.16557025931069583,42.71718034472531,-90.00242605594767,52.37722499736962,-0.5128990405775299,-1.041720528977654,0.0031654172018856907,3.80062271096986,67.50675067506751,888.8,84.2567504714014,0.09479832411273786,49.38274135298028,3.1909108275106584,0.0,32.384336,0.008443066549694761,32.36999999999999,32.39000000000001,1.1763289448520777e-05,0.020000000000017337,0.020000000000003126,-0.23981807580087292,2.783783532992473
19,102,255.0,259.996,4.3624,25.0,0.0,25.0,23.020000000000028,0.0010306180966851894,0.12011118313246946,-0.1864922067557525,0.7675913502592921,3.5879361260027447,16.87619994673154,64.87889273356402,924.8,77.53192890674138,109.87265355856297,204.0,50.0,0.4188993944279184,0.002722568793775826,0.4138816716226057,0.4236430639518892,-0.1674312539161115,-0.8880073856209734,0.4172058042260014,3.2867431420344957e-06,7.530746269145948e-09,3,0.6,0.003929404632583844,0.006441882685911449,0.0020178691918920823,0.011098403883321312,4.501127676404035e-05,6.684833555010922,0.13341436295396858,6.477140677289592,6.8276822983453975,-0.274198795440273,-1.678880069066101,6.474415209643386,0.00016643914570854391,4.002992359018228e-07,1,0.2,0.3531442558852991,0.3531442558852991,0.13326897015312753,1.051435176851225,0.3101114498908103,3.3089619928919163,40.539062334378556,-83.31933640794743,52.037118923764325,-0.644280214632527,-0.9509440678593024,-0.00013777828398930017,3.7637575360338698,68.68131868131869,873.6,57.93789778719971,0.06632085369413886,46.168189424095225,4.125775531790548,0.0,32.38998533333332,0.00018448397920129713,32.38666666666667,32.39000000000001,7.000580482186625e-08,0.003333333333337407,0.0033333333333303017,-0.7165073049847704,3.8024259477546707
19,103,257.5,262.496,0.0,0.0,0.0,0.0,0.0,0.0007890038905283474,0.12300760916823518,-0.156172865810516,0.7798389667301922,3.678518939091455,17.171871797521035,65.50218340611353,916.0,81.6333265278342,77.79460135510689,196.0,50.0,0.41740870033485533,0.002073865563955406,0.4138816716226057,0.4214850741989214,0.1288661593135806,-1.047416070416665,0.4154312021210998,1.1625763451717647e-06,2.717178280132699e-09,2,0.4,0.0046673781456367525,0.006053145851398378,0.0018860431771179711,0.010597534143855163,4.02450481989778e-05,6.77616673343819,0.041632383325733636,6.695409964954311,6.8276822983453975,-0.402079985915508,-1.1869358783446988,6.723341773764688,0.00011155055210393222,2.651657242952369e-07,1,0.2,0.10438876335995584,0.10438876335995584,0.03795529688117274,0.27573183799657447,0.022405153137227272,-1.9359615809529038,43.591572917623786,-92.09184632916404,51.05037547754032,-0.5041210072429324,-1.1397711942664404,-0.003676271141412168,3.744769325729527,60.91370558375635,985.0,145.23085071705668,0.147442488037621,46.64202434937789,4.523060010818826,0.0,32.38601599999999,0.007558779461483096,32.36999999999999,32.39000000000001,-1.10022521614494e-05,0.020000000000017337,0.0,0.3798727963164287,4.588477822357184
19,104,260.0,264.996,0.0,0.0,0.0,0.0,0.0,0.0008197240709569233,0.1296167098440901,-0.162905742894357,0.7949967664266113,3.531165418402398,15.621094922595244,76.98887938408896,779.3333333333334,67.66584564362338,74.7475752115077,188.0,40.0,0.4179444199693393,0.0017397053617646387,0.4144603576103985,0.4214850741989214,-0.035376686085131566,-0.7849327186136468,0.4194212943020431,4.501998447266162e-06,-1.10207266468615e-08,2,0.4,0.0010646854921694815,0.002053397054405437,0.0004914031420601565,0.0008203590452494254,1.341726441364553e-06,6.7081712035241114,0.043398002232024155,6.655253877442283,6.799461813147835,0.6140042709789624,-0.9378292041380285,6.787746280562817,0.0001153656884781784,-2.7870554264964935e-07,0,0.0,0.0,0.0,0.0016194840015975839,0.0017564218357120076,1.3736252544490462e-05,-2.707097257819587,47.220871081099254,-93.9294888869867,55.57186551354592,-0.4542928090148618,-1.2202386924261588,0.002710747874393636,3.5854104932948987,67.26457399103138,892.0,195.22294947059888,0.21885980882354134,51.62325310932893,3.231636066061042,0.0,32.381767999999994,0.009340232786332224,32.36999999999999,32.39000000000001,-7.922478030369017e-06,0.020000000000017337,-0.020000000000003126,0.3505053038967132,9.724305393057577
19,105,262.5,267.496,0.0,0.0,0.0,0.0,0.0,9.737093882132602e-05,0.12499279751434099,-0.162905742894357,0.7949967664266113,3.499983423845341,15.840948562170919,81.66969147005445,734.6666666666666,90.67450946471486,98.64684485577834,244.0,20.0,0.41692711915784386,0.0018207500542367875,0.4139283365037269,0.4194939981500054,-0.348339743031177,-1.283082285043441,0.4161730036580294,1.0336314592520838e-06,2.2664930041820327e-09,3,0.6,0.002565426929800311,0.003322053615087528,0.0011473969216678518,0.006387452177769548,1.4743272534054275e-05,6.652759248623739,0.022188712492887567,6.611692693919729,6.6952898459761885,-0.09360648384647843,-1.0001789401240069,6.6863336585804,4.6620245095299136e-05,-1.0956441236764778e-07,0,0.0,0.0,0.0,0.001253630326433248,0.0014150474444265058,8.262169136819388e-06,2.1586328337911054,44.83815039437425,-93.9294888869867,55.98613969323651,-0.663531612876928,-0.9475557368103678,-0.0031246354293608426,3.7917068009768675,75.75757575757575,792.0,44.54211490264017,0.056240044068990115,52.922862300598446,3.1897723541793654,0.0,32.375752,0.008889994787409202,32.36999999999999,32.39,-1.965304041791694e-05,0.020000000000010232,-0.020000000000003126,0.4369274069524723,5.912115712478695
19,106,265.0,269.996,0.0,0.0,0.0,0.0,0.0,-0.000660177492969499,0.11957054176146813,-0.1573287067012706,0.8000678010833937,3.6631178355465206,17.227214588569698,79.71656333038088,752.6666666666666,129.62510044997714,124.79743587109472,364.0,40.0,0.415209547511665,0.002017862887562363,0.4105901709014635,0.4179912504680987,-0.34893667560244657,-0.790756525472784,0.41424918101733654,1.2011683641423418e-06,-3.1606415896408793e-09,4,0.8,0.0020495828522008597,0.0037429774282974337,0.00146040861936924,0.0068764760381090475,2.0113670311588545e-05,6.614507979787781,0.022379357141137195,6.579555988562184,6.655198091054704,0.16910207191657015,-1.2060203768447693,6.645746924564734,4.575012750013765e-05,-1.1294239331280173e-07,0,0.0,0.0,0.0,0.0018237476809145167,0.0027444720720646767,1.8143941860594564e-05,2.118178011007621,42.65528028308192,-84.1520431121381,55.98613969323651,-0.67948560740564,-0.9179534817733503,-0.0006173247462226121,3.7435024332191715,77.78738115816768,771.3333333333334,22.686266036231405,0.029411753720265433,52.905322478608355,3.2581650516027274,0.0,32.373992,0.00755455192844924,32.36999999999999,32.39,7.310350918634039e-06,0.020000000000010232,0.0,0.21040685899036413,1.9291821722132028
19,107,267.5,272.496,0.0,0.0,0.0,0.0,0.0,0.0002920897347157558,0.12180122734954332,-0.1573287067012706,0.8000678010833937,3.838764943146538,18.18137603752423,68.87052341597796,871.2,64.8937593301544,76.88953114696434,160.0,75.0,0.4154658078046472,0.0020177051180335906,0.4105901709014635,0.4179912504680987,-0.7436843176486235,-0.5223344592247896,0.41606591108246693,3.099175177479568e-06,-7.660271032330104e-09,4,0.8,0.0012130786073534516,0.001920945379842609,0.0006204699672961381,0.0026591642995977627,3.338843998549927e-06,6.579100873302394,0.01874806244089765,6.545654343620321,6.611632613391873,-0.03146749942662739,-1.139931832878325,6.60279670503813,5.726842291519335e-05,-1.3711589132646767e-07,0,0.0,0.0,0.0,0.001647215422391293,0.0026485825038079654,1.4977163945427433e-05,0.26347320530275503,44.35293542927834,-93.34203570358378,55.32402653240387,-0.5990664110639488,-1.02951950026591,0.008770347259416065,3.814414009869099,71.90795781399808,834.4,51.58294291720859,0.06182040138687511,52.31685002227562,3.570307063473831,0.0,32.373992,0.007554551928449303,32.36999999999999,32.39,-1.1851261344843599e-05,0.020000000000010232,-7.105427357601002e-15,-0.13208787160978688,3.0374343980201246
19,108,270.0,274.996,0.0,0.0,0.0,0.0,0.0,-0.0005627850287437611,0.11108171570056459,-0.1375392996236464,0.7880174590083295,4.059396835754785,21.373050917996164,66.96428571428571,896.0,53.74011537017761,86.02325267042627,120.0,100.0,0.41488589849846713,0.001924370280465787,0.4116969642455199,0.4177072701090529,-0.1889745998799495,-1.4826564055078306,0.4126530639532913,3.6149166700559262e-06,8.680860020395003e-09,5,1.0,0.0035476190997536295,0.005055735390124327,0.0017923493132203574,0.011628200550210466,4.312488153395673e-05,6.547053062090899,0.018588387271644788,6.515353258085848,6.57951901163381,0.055241322754245537,-1.189551201847937,6.5704478077372395,5.568750985829546e-05,-1.3917119663557167e-07,0,0.0,0.0,0.0,0.0018942449495296554,0.0031761201009592272,1.996674616963164e-05,-1.6595441960171935,45.292967956863585,-93.34203570358378,56.72084143434629,-0.4923545840730196,-1.1318270015689418,0.00226021615686156,3.771303992848735,66.7853962600178,898.4,42.951135025747575,0.0478084762085347,53.1299114775666,3.1540327988831818,0.0,32.36609428571429,0.007568858881116948,32.35,32.370000000000005,-1.4717059567451439e-05,0.020000000000003126,-0.007142857142859782,0.4247590207949172,0.17888945426790315
19,109,272.5,277.496,0.0,0.0,0.0,0.0,0.0,-0.0015631761190856605,0.11122250569923717,-0.1347251914946034,0.762429330108479,3.9747979350406504,20.61962808559446,69.31608133086876,865.6,145.89311155774286,178.77359984069236,364.0,75.0,0.41360690580053017,0.0019338236445521199,0.4099730741575105,0.4165319656459466,-0.02369756548784438,-1.3555411216850795,0.413364074368631,1.6029244437275936e-07,7.812782334850256e-11,2,0.4,0.0029382210460035807,0.0031679832074880676,0.0011905985870069402,0.004813419075922968,1.1716374341287768e-05,6.5155572736413,0.017629116963744543,6.487123083435737,6.545612036451439,0.073155661392435,-1.2861523478203338,6.536759280163961,3.9075626007356895e-05,-9.781891406322825e-08,0,0.0,0.0,0.0,0.001983832559804984,0.0035899487491053814,2.2264947620077197e-05,-1.7962295258145147,47.79004241993517,-100.50500067336826,61.26956511599008,-0.482657794004889,-1.1350980243769895,0.00043704997024980005,3.857927775129232,65.43075245365321,917.0,58.09188124571855,0.06334992502259383,55.62186278058705,3.908381087516925,0.0,32.366040000000005,0.007557283214494402,32.35,32.370000000000005,4.027671057718856e-06,0.020000000000003126,0.0,0.03665763838881441,3.8853288772155423
19,110,275.0,279.996,0.0,0.0,0.0,0.0,0.0,0.0017591144253750067,0.1209969634233467,-0.142196007235467,0.7578340069747116,3.658873070970584,16.79647687695326,65.55944055944056,915.2,42.46410248668868,59.799665550904216,116.0,75.0,0.412892121428254,0.002227824946372992,0.4092020167671297,0.4160725782515205,-0.17019009443330768,-1.2411959456185468,0.41514123942707354,5.156660721558839e-06,-1.2674753133468183e-08,1,0.2,0.0009233869028004715,0.0009233869028004715,0.0002876000990952742,0.000746337433440216,5.249752739773179e-07,6.491550837365265,0.010476926038109081,6.47518784848783,6.515288233684911,0.5782010320627932,-0.7640481807929103,6.506817728684215,5.4685276355917035e-05,-1.3677041158369677e-07,0,0.0,0.0,0.0,0.0015012039900338364,0.0023078617882766445,1.2339720426721046e-05,2.5094930283953474,50.091642881462384,-101.93291965304478,61.26956511599008,-0.6615467831046229,-0.9618002637527843,0.0053278629326393755,3.6923768841823152,67.93478260869564,883.2,100.85236734950747,0.11418972752435176,55.821420452546676,5.070062110920686,0.0,32.36575974505495,0.007592094128362027,32.349999999999994,32.370000000000005,-8.043384769726882e-06,0.020000000000010232,-0.003060439560428563,0.5493481181858011,2.3753420492550816
19,111,277.5,282.496,0.0,0.0,0.0,0.0,0.0,0.0024586773583466412,0.11919721186798722,-0.142196007235467,0.7685404981947026,3.786805351456233,17.854190743056876,63.34459459459459,947.2,46.767510089804865,73.9459261893446,88.0,75.0,0.4115386856499057,0.002323484623177448,0.4084244765173963,0.4155590093825515,0.14254165494201557,-1.6169065128119025,0.4098335022990173,2.396276697768055e-06,5.865184443334828e-09,3,0.6,0.00467639343711949,0.005723977632794031,0.002021572409798028,0.009969057083914136,4.029490816270934e-05,6.4731900350949045,0.011523436529901853,6.448451769189694,6.48709626482759,-0.5263519585021097,-0.9769122589138495,6.47913596828849,4.941323452421247e-05,-1.2384991238544138e-07,1,0.2,0.0071267441481426275,0.0071267441481426275,0.00282448086617799,0.01054197125386684,6.214925132706711e-05,0.3068062158484012,48.710437583911244,-101.93291965304478,60.69605157955565,-0.5924867960515097,-1.0485323810658278,-0.005318708240571782,3.7933455762978743,63.66723259762309,942.4,45.8344848340199,0.04863591344866288,52.845043594621465,5.46846005538158,0.0,32.361936,0.00909806675534265,32.349999999999994,32.370000000000005,7.925887952558905e-06,0.020000000000010232,-7.105427357601002e-15,0.454584002553586,0.32263800302850143
19,112,280.0,284.996,0.0,0.0,0.0,0.0,0.0,-0.001824025460790544,0.11218841488736221,-0.1377576709774709,0.7685404981947026,3.9331026559955533,20.23357446992984,63.96588486140725,938.0,40.331955899344464,57.78119648005453,84.0,66.66666666666666,0.4116571031731426,0.002222161098006299,0.4084244765173963,0.4155590093825515,0.06148813439663472,-1.4840080163613634,0.4123156571154004,4.06680020299897e-06,-9.969944462954436e-09,3,0.6,0.002088471573189162,0.003235634707750956,0.000929891614837363,0.0034956145860084273,6.766616973918222e-06,6.448838526493007,0.01659619890178979,6.4210315173394,6.47516798887826,-0.0473485876336983,-1.2878638606890656,6.466403347127423,6.174414444557026e-05,-1.5088907910393795e-07,0,0.0,0.0,0.0,0.0021848402577505717,0.004494810731510153,2.792015377547599e-05,-3.431099028374896,42.86303880276466,-96.0426531637093,51.41659637052439,-0.47925991022124576,-1.1043080780693613,0.0010539328937701521,3.927701042265627,64.51612903225806,930.0,59.374517541899515,0.06384356724935432,45.4989536953256,4.985942276321951,0.0,32.36605384019851,0.0075582274309577415,32.349999999999994,32.370000000000005,1.4427677586662595e-05,0.020000000000010232,0.004992555831272227,0.032280038100249264,0.5502441708508172
19,113,282.5,287.496,0.0,0.0,0.0,0.0,0.0,-0.0021529101726754252,0.11225992778685241,-0.1876382616982838,0.7597810883849054,3.757900725545695,18.988787903111863,70.88846880907373,846.4,140.0742660162815,176.83890974556476,340.0,75.0,0.41101735584594645,0.002425768052333101,0.4061398845049625,0.4142080042487197,-0.5545201121805597,-0.9528860323200004,0.40860882246724395,3.7335808818137167e-06,8.621749634507312e-09,2,0.4,0.005221032311919449,0.0056038445562304195,0.001962113955672755,0.013503279052056984,5.57613551645689e-05,6.420027953040346,0.01663628941150427,6.391445426850934,6.448403741779102,-0.027785366398771806,-1.2197517757404093,6.439829905486283,4.1879097202753696e-05,-1.0160154174056493e-07,0,0.0,0.0,0.0,0.001793637634658627,0.0033393013743194546,1.8325640214677243e-05,1.8519973909351206,43.06329515627724,-98.68068622508902,54.50533011078459,-0.6428304917157581,-0.889547678506514,0.0040945875031923725,4.039544750270667,63.76195536663124,941.0,41.745259211875386,0.04436265591060083,47.82950175613066,6.816661383899403,0.0,32.36254400000001,0.009124099336183666,32.349999999999994,32.370000000000005,-1.4977668465688108e-05,0.020000000000010232,-7.105427357601002e-15,0.30551527383887384,7.126513442442487
19,114,285.0,289.996,0.0,0.0,0.0,0.0,0.0,0.0024152318927766893,0.1217135478299903,-0.1876382616982838,0.7988402445695968,3.70509779573748,17.721952444457738,69.70260223048328,860.8,92.83964670333468,93.91485505499116,228.0,75.0,0.4090834482126236,0.0024605712902280785,0.406000630563002,0.4133636026107679,0.3521053062801677,-1.2855547340467814,0.4091533414904993,2.578382597351468e-06,-6.242242029463465e-09,2,0.4,0.0023321451829156625,0.004211580974494034,0.0014883347755696068,0.005203671565775038,1.6483403635195157e-05,6.47283496691128,0.1215877328312301,6.388506356714796,6.7885709207721865,1.465513634942276,0.6001114686682887,6.412502001855921,7.707077609872346e-06,-1.877188999752826e-08,0,0.0,0.0,0.0,0.11718715815122485,0.33705218983052104,0.09143386344901765,3.367376566114227,45.42003015979646,-98.68068622508902,63.24488760202122,-0.6041983866065017,-0.9367067957953212,0.0011804590737499484,4.032962542146249,69.31608133086876,865.6,93.44945157677492,0.10795916309701353,55.594634574410755,5.461392787458178,0.0,32.35858812903226,0.009065673474751013,32.349999999999994,32.370000000000005,1.2749135509149928e-05,0.020000000000010232,0.0053225806451564495,-0.27533117174740995,0.3865208996145242
19,115,287.5,292.496,0.0,0.0,0.0,0.0,0.0,0.001226175988925759,0.12439470038979195,-0.1572015467286598,0.7988402445695968,3.6996502807757357,17.238197678207168,64.43298969072164,931.2,49.0224438395313,60.4648658313239,128.0,50.0,0.40917142268267637,0.002141807455954103,0.406000630563002,0.4133636026107679,0.10129473353210167,-1.148480288669833,0.41242481231787426,8.269345486147096e-06,-1.9890905140166673e-08,1,0.2,0.000914735376297604,0.000914735376297604,0.00016483233542991145,0.00018940507341957247,1.430539285764405e-07,6.675428454452011,0.16957158592838728,6.388506356714796,6.829222653696678,-0.7236672653851192,-1.186246313586371,6.398364194347586,0.00025062003367720773,6.050276026406882e-07,1,0.2,0.4306756563929497,0.4306756563929497,0.16768151543616577,1.3895196890161974,0.5270398558513196,-1.7395494578598423,49.06377137468955,-109.93094364760282,63.24488760202122,-0.40815441419855747,-1.1254362442254229,0.0051854786413491364,4.023893762231371,68.18181818181819,880.0,100.0,0.11363636363636363,58.14004557103009,4.562010798934422,0.0,32.365976,0.007593984741380998,32.349999999999994,32.370000000000005,1.1585881334960588e-05,0.020000000000010232,7.105427357601002e-15,0.20186289824010287,3.748828491096546
19,116,290.0,294.996,0.4536,4.0,0.0,4.0,2.0,-0.0025164759192550855,0.11323563562336002,-0.1371182227417217,0.7576927278702834,3.83117922241368,19.222422559950182,63.829787234042556,940.0,62.22539674441618,79.02742140126637,152.0,100.0,0.4093749821810915,0.0015823969561643211,0.4069145559426959,0.4120921150793452,-0.19146382179279364,-1.2210646493860493,0.40886395037539786,1.6391347639090363e-06,-4.153669765313392e-09,2,0.4,0.002286629255319639,0.0032271847731368264,0.0009791933878641537,0.0050382194140451845,9.877152676375327e-06,6.765997886698728,0.04956110446811939,6.687166773957904,6.829222653696678,-0.1602956997538296,-1.5188942493539082,6.777366387975144,3.1118237799134483e-06,9.963815197981224e-10,1,0.2,0.051854051144128555,0.051854051144128555,0.02047462418608454,0.08428318885675318,0.003515890895682886,-4.0724752736833025,50.04827945040674,-109.93094364760282,61.68804334219245,-0.3850089307204638,-1.244846677922886,-0.0021355629731137733,3.8681611480103495,64.23982869379014,934.0,46.245720522732334,0.04951361940335368,54.84231957863062,4.52692553899511,0.0,32.36596,0.0078107627343537945,32.349999999999994,32.370000000000005,-1.545252828960371e-05,0.020000000000010232,-0.01999999999999602,0.23950020173929454,0.410041459747589
19,117,292.5,297.496,0.4536,4.0,0.0,4.0,2.0,0.0010234488990053447,0.11314601219983408,-0.1341936709693998,0.7589138985773589,3.8320491226134084,19.517286975619083,67.26457399103138,892.0,140.48487463068756,185.83863968507734,352.0,50.0,0.40780341368230216,0.0023495753851797757,0.4045182761237546,0.411596111214816,-0.020592892904567082,-1.4649130810607693,0.4068832437066177,1.4354535546580403e-06,3.2957329330266296e-09,2,0.4,0.004018777297465137,0.004711965844769239,0.0016500008339835302,0.0077312367132579135,2.555801750163687e-05,6.694494393160228,0.03245656690163053,6.650948998567457,6.770558164014029,0.6622766835918192,-0.6245594522328197,6.760315773896972,0.0001081406398184,-2.604933063694267e-07,0,0.0,0.0,0.0,0.001116917507007596,0.0009500464769373114,6.420675981528109e-06,1.793514116601395,47.384348863615806,-102.34257040707509,58.63152486088825,-0.6046608904526075,-1.0264554834450101,0.004738239455146696,3.8299980469413653,66.3129973474801,904.8,109.01009127599151,0.12047976489388983,51.98064355707293,4.835210567231349,0.0,32.35596,0.00895675090589203,32.349999999999994,32.370000000000005,-2.0060531238716585e-05,0.020000000000010232,-0.01999999999999602,0.32218149505459437,0.9515766435512774
19,118,295.0,299.996,0.0,0.0,0.0,0.0,0.0,0.0015367905786237998,0.11852980533485664,-0.155215146666298,0.7654282916454221,3.740374345191367,17.8096323000406,68.4931506849315,876.0,39.191835884530846,36.55133376499413,100.0,0.0,0.4071391694144539,0.002235237910544685,0.4045182761237546,0.411596111214816,0.39831948475212914,-1.1326782909497042,0.4098760522340296,7.002980925406477e-06,-1.699056687793433e-08,1,0.2,0.0017036218055340724,0.0017036218055340724,0.000419122227245377,0.0006789965850817693,9.70412213612619e-07,6.6527239233524655,0.01767728940875522,6.624687983233264,6.6870906686307485,0.1851686365054007,-1.1510465038623883,6.678102549443954,5.147926478787575e-05,-1.2791914200406452e-07,0,0.0,0.0,0.0,0.001505687621402546,0.0020452100074255545,1.2177522897124025e-05,2.468880696677029,50.60567959432365,-103.58825973654952,59.141240903462645,-0.6495657084361398,-0.9777401344217496,-0.00923785910740452,3.6283465119337754,64.2123287671233,934.4,50.48564152311031,0.05403001019168484,56.0393184650882,2.7415951886613303,0.0,32.354008,0.007567258457763096,32.349999999999994,32.370000000000005,7.67161834981771e-06,0.020000000000010232,0.0,0.0031144509490502693,4.280821917808211
19,119,297.5,302.496,0.0,0.0,0.0,0.0,0.0,-0.002140521603200031,0.11032244259106043,-0.155215146666298,0.7654282916454221,3.963872749473196,20.697192270418057,68.41505131128848,877.0,81.80464534487024,99.08918541731316,180.0,33.33333333333333,0.4058477494335884,0.002539631159355616,0.4021723393537953,0.4096039128664647,0.006359053879655405,-1.4947107240640802,0.4042803469646722,2.558464617081963e-06,5.733674836601916e-09,3,0.6,0.005037357796211284,0.005324572292760454,0.002002755463050485,0.010175398959767304,4.078528403218533e-05,6.6257846843070265,0.013950683438340073,6.6016835489320895,6.650902546374409,0.05369858973199423,-1.0394953780901206,6.642142590336819,4.524525559850756e-05,-1.0775127760338679e-07,0,0.0,0.0,0.0,0.0020060157297871347,0.0037959668671750696,2.3012525896016634e-05,-1.4417142296005023,51.981841738467075,-103.58825973654952,60.35056677048525,-0.5033626930924847,-1.1905310498109607,0.007381796256089033,3.5653237352615244,69.18819188191881,867.2,41.2213536895624,0.047533848811764756,58.08378118330117,2.3138627650750636,0.0,32.35802400000001,0.00908651895266599,32.349999999999994,32.370000000000005,-3.5420182661603116e-08,0.020000000000010232,7.105427357601002e-15,0.3589889765168688,0.773140570630332
19,120,300.0,304.996,0.0,0.0,0.0,0.0,0.0,3.05210153152764e-05,0.11464016792770267,-0.1530748272518605,0.8040492906537073,3.8946572108401507,19.97015613213578,59.701492537313435,1005.0,43.251204222156254,78.55359104882899,104.0,100.0,0.40525096290945856,0.0025727084201423436,0.4003885882572855,0.40878320383766,-0.1711097576982456,-1.4147209047368483,0.40759619600359104,7.255845512792059e-06,-1.7471174853214756e-08,3,0.6,0.0008472113198444431,0.0011906417404576874,0.0003479374419033152,0.0008768316368269671,7.587217491053261e-07,6.602594943616428,0.013199754415702527,6.581382801005191,6.624645673176493,0.12346311666066385,-1.2548576994060718,6.61609931408474,5.092010302858714e-05,-1.2700566081117505e-07,0,0.0,0.0,0.0,0.0023057881771551283,0.0053266638536420986,3.227258596370948e-05,0.6569672551648982,52.38939430029218,-119.53968517368112,63.78917226902567,-0.6054419180050385,-0.9171489893757796,0.004173920892333139,4.027514640138642,68.30601092896175,878.4,146.82234162415475,0.16714747452658782,57.729884825105614,6.04938536964307,0.0,32.36188985507246,0.009176614089181663,32.349999999999994,32.370000000000005,1.4443004777438962e-05,0.020000000000010232,0.008405797101445955,-0.3085174626228525,8.60451839164832
19,121,302.5,307.496,0.0,0.0,0.0,0.0,0.0,0.0024544701704306503,0.12047149160969643,-0.1530748272518605,0.8040492906537073,3.697522238737499,17.333047617099417,61.88118811881188,969.6,53.18646444350292,57.96550698475775,128.0,50.0,0.40485120606136393,0.002583669803443073,0.4003885882572855,0.4087483849085679,-0.040048035688201526,-1.435021805524214,0.40817226608413787,4.847503423651539e-06,-1.1827313537519389e-08,1,0.2,0.0005727187920190335,0.0005727187920190335,0.00012045205970117589,0.00018056938817972293,7.907860325989727e-08,6.580207267266949,0.01314104278062682,6.555490993703766,6.601641303187586,-0.2884269260902462,-1.0259347760062834,6.5932055985388365,5.411930763342951e-05,-1.3494805248458122e-07,0,0.0,0.0,0.0,0.0018845252394177297,0.003918082546264131,2.083928242565601e-05,-0.5910826097569756,51.63999467790084,-119.53968517368112,63.78917226902567,-0.5683819324623259,-0.9421582951175589,-0.0030056613063450055,4.094247478343283,62.18905472636816,964.8,178.73779678624217,0.18525891043350143,56.27511954253108,4.310355486274709,0.0,32.360064,0.0094694301762495,32.349999999999994,32.370000000000005,-6.6144093531861195e-06,0.020000000000010232,0.01999999999999602,0.4762965191340432,0.30786660755628503
19,122,305.0,309.996,0.0,0.0,0.0,0.0,0.0,-0.0015487695394849432,0.11287202007571617,-0.1576222089636075,0.7709818713860095,3.8554630615435888,19.725613188991492,64.44683136412459,931.0,41.745259211875386,59.732738092272314,88.0,66.66666666666666,0.40435056761256194,0.0020911472442040574,0.4007286259493711,0.4078895748011617,0.323141457783652,-1.3486170870807965,0.4002186766958242,3.913589170834414e-06,9.510312707617017e-09,4,0.8,0.0046661754421566115,0.007668092180584174,0.0020887578354179996,0.020655810161094634,0.00010715970757701964,6.555291637627114,0.016365613100248658,6.527264352581297,6.581377428065708,-0.008564896524528742,-1.200479689791402,6.57227760956136,1.0492484114126552e-05,-2.58121248676647e-08,0,0.0,0.0,0.0,0.002595275883142016,0.005721741359153141,4.023959352478136e-05,-3.1583657411019312,49.093136676722,-98.6471800727948,55.12252589800091,-0.45093343000743213,-1.2240887386235897,-0.0068702408225065105,3.5537598256208445,61.53846153846154,975.0,189.9438513526212,0.19481420651550893,52.080048686245924,2.7771459472687856,0.0,32.35408614492754,0.007538502238586337,32.349999999999994,32.370000000000005,-6.373037261228517e-07,0.020000000000010232,-0.008115942028986467,-0.35851010710160897,2.9083698256630512
19,123,307.5,312.496,0.0,0.0,0.0,0.0,0.0,-0.0020419908043205347,0.11343437751115486,-0.1617419723615326,0.7709818713860095,3.719517939162174,18.857897185692025,70.09345794392523,856.0,136.17635624439362,175.0999714448863,340.0,50.0,0.40431467789851205,0.0021265029050919447,0.401369554632878,0.4078895748011617,0.27061100168943225,-1.3126831091847302,0.40501394086840137,1.6032759473400393e-06,-4.027509351388488e-09,2,0.4,0.0018753472446448316,0.002873642324970005,0.0009839973639280098,0.0032337381931831395,6.930465962838191e-06,6.526350375416167,0.017254396116388335,6.496670956311371,6.555456685885202,0.002145750710798221,-1.211041947843824,6.546608926553546,6.54260680087625e-05,-1.6134591666443086e-07,0,0.0,0.0,0.0,0.0019960906113941196,0.00391943517791907,2.3005581033823845e-05,1.91095646614325,48.69251129768564,-102.57980802861752,57.81687927332633,-0.6270419525029904,-0.948002867691009,0.002806415107060971,3.767104263101873,67.02412868632707,895.2,74.26439254447585,0.08295843671188098,53.148207594354325,3.4479872737432467,0.0,32.35189600000001,0.00556214292760854,32.349999999999994,32.370000000000005,-8.217083018905242e-06,0.020000000000010232,-0.01999999999999602,0.5330254481572111,3.069329257598156
19,124,310.0,314.996,0.0,0.0,0.0,0.0,0.0,0.0008536728870266199,0.11968861472816783,-0.1617419723615326,0.7797854782420433,3.6287532825582516,16.919014039822308,65.38796861377506,917.6,72.25510362597234,86.23224454924039,168.0,50.0,0.40249214851560505,0.0019052938585143225,0.3993029744258075,0.4058896657271106,0.19780763594646192,-1.0257581327016363,0.4012738952215797,2.1302509336350074e-06,5.279045159474116e-09,3,0.6,0.0031618955942411633,0.004616368924097725,0.0015697910280147841,0.00748892120455053,2.352961605402821e-05,6.497428736828586,0.016183639306817647,6.468727639495889,6.527212569645704,0.07126474048830056,-1.15935590530817,6.51846911207864,5.001515252298682e-05,-1.2529119090973716e-07,0,0.0,0.0,0.0,0.001613267732095393,0.00247335190442217,1.4243341029022436e-05,2.7346971681236596,48.62933177735236,-102.57980802861752,57.81687927332633,-0.6113057362496458,-0.979809722219549,-0.008053863154261931,3.7274134752088615,64.71095772217429,927.2,58.88293470947249,0.06350618497570372,53.6862882878273,3.271694920904276,0.0,32.3460875,0.007562199533044562,32.33,32.35000000000001,-1.4637042967705957e-05,0.020000000000010232,-0.0062500000000085265,0.38190402233152826,0.6770108916007729
19,125,312.5,317.496,0.0,0.0,0.0,0.0,0.0,-0.0004942879849845708,0.11580952930627092,-0.1499420676415363,0.7797854782420433,3.8450067261657406,19.295039113687015,67.38544474393531,890.4,80.32932216818463,87.77243302996676,224.0,50.0,0.40245709053712947,0.0020320260494122314,0.3993029744258075,0.4058338880236107,0.18202937068264421,-1.362583136095615,0.4018621087971677,1.7426249126098087e-06,-4.356392766063606e-09,3,0.6,0.0034290021464946454,0.00397322587837734,0.00143042074853705,0.006003992551086437,1.7450539486351836e-05,6.468915560797839,0.016966248465433834,6.436338233152585,6.49662651620806,-0.17403994187845287,-1.0562031294854317,6.487993645695724,2.3400555690757592e-05,-5.2859329738140006e-08,0,0.0,0.0,0.0,0.001938315312065264,0.0036284429022631817,2.142832231781778e-05,-3.410439490285986,47.42721052638966,-97.4451920493239,55.53546862353008,-0.4083835054440969,-1.2115526914245396,-0.003700696257835846,3.654160053208035,64.1711229946524,935.0,69.3877991196339,0.07421154986057102,52.30876191925946,2.7291154058572418,0.0,32.350048,0.012084615238568651,32.33,32.370000000000005,1.5346800221999086e-05,0.04000000000000625,0.0,-0.4064262255310362,3.2143217492829024
19,126,315.0,319.996,6.8468,33.66666666666667,0.0,33.66666666666667,23.100000000000136,-0.0011820418597092701,0.12063941069085464,-0.1537489232228738,0.7857352462967785,3.9242920736475515,19.522177965894233,73.09941520467837,820.8,132.28454180288793,162.36994795835835,320.0,75.0,0.4017730958807755,0.0024589053332935364,0.3972522423498146,0.4058338880236107,0.009821172910189961,-1.021551382495661,0.4003666131908422,1.724954246559788e-06,3.905098474284858e-09,4,0.8,0.0026656742217053414,0.005466389510490111,0.0019489971293410568,0.009043747057853966,3.535118778057901e-05,6.44116634002853,0.016011873090565835,6.418732198241832,6.468662164268648,0.13811018263907526,-1.3715845732390566,6.460255123183486,6.343581745401021e-05,-1.55980214893051e-07,0,0.0,0.0,0.0,0.001734296078109103,0.0034023549623062766,1.736454385648799e-05,-1.5268842856356506,48.266318220523154,-99.61429039921651,57.77836894709,-0.49596515809564223,-1.1356448944733084,-0.004056655062831519,3.717608301150001,67.41573033707866,890.0,24.979991993593593,0.028067406734374824,55.368997096562985,3.2453830257346308,0.0,32.3539605,0.0076049548720952586,32.3440625,32.370000000000005,-7.806580996188608e-06,0.02593750000000483,0.005937500000001705,0.3941688718889675,5.683684867599709
19,127,317.5,322.496,37.234,74.0,0.0,74.0,73.0,0.0007406537465109466,0.1269089474735487,-0.1676295241221596,0.7864511712535159,3.7502399086010922,17.318121241640036,67.44604316546763,889.6,71.41988518613006,88.29496021857646,144.0,75.0,0.40151948543168714,0.0022142069256735346,0.3972522423498146,0.4055562101123933,-0.2751516931658797,-0.97882997033813,0.4047604451545548,8.996043938080137e-06,-2.1621463780587002e-08,0,0.0,0.0,0.0,8.700524094545738e-05,6.807996868134813e-05,3.878863162536061e-08,6.475761547165066,0.054705414238126526,6.418732198241832,6.61912503212405,0.6244626634671994,-0.8116630953327513,6.4289439597862685,3.0020873796306818e-06,-6.387762992085995e-09,0,0.0,0.0,0.0,0.05279138992918271,0.24361978750134577,0.025832152924636875,3.665749611335648,48.283797535113635,-99.62134682846236,58.50647623161737,-0.6969373131086243,-0.8855529552189756,-0.0027892239886741005,3.7057300973685487,66.84491978609626,897.6,73.02602275901378,0.08135697722706527,55.358935627477166,3.7639174155091424,0.0,32.35,2.0305284110124034e-15,32.349999999999994,32.35000000000001,1.2874464828007481e-17,1.4210854715202004e-14,0.0,0.35706128735931364,0.6011233793713728
19,128,320.0,324.996,69.4204,81.00000000000001,34.0,47.000000000000014,80.0,0.001934756832476954,0.12288016361295914,-0.1676295241221596,0.7864511712535159,3.6265615081419664,16.598619065446552,66.96428571428571,896.0,71.33021800050803,87.95453370918409,144.0,75.0,0.40094161567827213,0.002518115846208874,0.3972089781360942,0.4047488994647204,-0.13685382159687987,-1.6277617141100835,0.4012969852919775,6.809563728929396e-07,1.2958500069513397e-09,3,0.6,0.0025442982763141573,0.0034516312701917684,0.0010885294715711879,0.004970439578466043,1.0869518843696614e-05,6.65783540583289,0.14587606167744652,6.456422243968111,6.8597232439263,0.193418343713071,-1.6443589597237396,6.452787851434933,0.00013367209569083144,3.2272405979117835e-07,1,0.2,0.40683466283595937,0.40683466283595937,0.14577100923194342,1.0244161951496449,0.3163834367368815,2.5937249912671576,43.15766509876138,-99.62134682846236,58.50647623161737,-0.6607846282347124,-0.8174930387861812,0.00218963110511415,4.177316627205927,66.90454950936665,896.8,72.79560426289488,0.0811726184911852,48.7279132397666,6.832254870783853,0.0,32.354064,0.0076148075395415975,32.349999999999994,32.37,7.41011930248358e-06,0.020000000000003126,0.0,-0.5874268024921644,0.059736204919062175
19,129,322.5,327.496,76.494,81.00000000000001,39.99999999999999,41.00000000000002,81.0,-0.00018128573878840797,0.12219151937497967,-0.1579734279528125,0.7854389864782734,3.7224504908923914,17.29378861594783,67.75067750677506,885.6,52.96036253652348,63.02380502635492,140.0,50.0,0.399531761127612,0.0021666093019918507,0.3967538652818687,0.4034384084528509,0.3279054801648744,-1.4298596288957426,0.3980462244079781,1.9894867254979056e-06,4.817736599806155e-09,3,0.6,0.0035003127187668106,0.005391329355852348,0.001906957639470544,0.00868587214334163,3.3258520433598024e-05,6.819410648682585,0.05798088645831115,6.619875230946901,6.872906614248841,-1.9364309614940245,2.757527765790779,6.618502243993664,0.00027496631946255257,6.591870845765472e-07,1,0.2,0.24108256851134957,0.24108256851134957,0.05772227211367946,1.0040292621783142,0.218466911420273,-1.4180034291090018,39.14448096024202,-82.59571763509456,48.77378994615813,-0.4678448769445983,-1.1443492069281707,0.008558914313566892,3.820063519741944,68.36827711941659,877.6,64.7209394245788,0.0737476520334763,42.72478590173981,5.389736376387689,0.0,32.350072000000004,0.012163741726620063,32.33,32.37,-2.3234441750019348e-05,0.03999999999999915,0.0,0.38521732164009004,0.6175996126415271
19,130,325.0,329.996,39.7016,81.00000000000001,0.0,81.00000000000001,81.0,0.0016687155822186367,0.11880087712503112,-0.1579734279528125,0.7854389864782734,3.8467176680938078,18.474773770712776,72.34726688102893,829.3333333333334,125.03226250319022,112.74040979169803,344.0,20.0,0.3999710401147619,0.0017898825307800198,0.3967538652818687,0.4026920632520963,-0.6218071305286633,-0.9224839293091254,0.40224854388462455,5.542108170857359e-06,-1.3377861652426953e-08,1,0.2,0.000211289507159651,0.000211289507159651,4.5613447639639676e-05,5.0789559661893134e-05,1.0928045460294164e-08,6.950848445229744,0.13120573793327794,6.831259962016733,7.215308210601415,0.8526174166035639,-0.8248750412423851,6.851392137191506,2.520231093779277e-06,-2.8360529660798444e-09,0,0.0,0.0,0.0,0.1281856633336976,0.5145111355705203,0.13518973273894874,-2.3971567125729614,39.965201298581974,-82.59571763509456,48.13390173352728,-0.44044370302249114,-1.138377375215101,0.003201835772179111,3.7444608651000975,68.99724011039558,869.6,27.36421020237931,0.03146758302941503,43.62489983869859,4.9086321878169175,0.0,32.349687304347825,0.012186067119336506,32.33,32.37,1.3957634254625302e-05,0.03999999999999915,-0.0139130434782615,0.23217526330725047,3.350026770633349
19,131,327.5,332.496,2.2408,40.0,0.0,40.0,5.0,-0.0008639473530864567,0.10912454652574084,-0.1612191829073673,0.7533224669156504,3.844692980274055,19.74904778312695,69.38020351526364,864.8,137.4743612460156,158.82065356873457,332.0,50.0,0.39884900642957166,0.0016872914155230613,0.396413265349931,0.4013958000272518,-0.0312815056945161,-1.61088504095352,0.3965307511833936,3.859096440722642e-06,8.975389006168695e-09,3,0.6,0.003418430627206167,0.004867488503312811,0.0016809066513947264,0.01161048708533469,4.1106323609976194e-05,7.1224323795221975,0.10630489716406068,6.873340673842851,7.220878107558644,-1.0167831077015494,-0.37981153530710543,6.876352781885035,0.0002932309527424511,7.050446933045583e-07,1,0.2,0.3443352094587384,0.3443352094587384,0.10601245826576128,1.2299256687143152,0.3589367463829667,-1.1449480411103814,42.520356459993664,-95.14699263768787,50.26101446266897,-0.5326669935023315,-1.0746969921323566,-0.004879241103070308,3.9074043487627184,70.75471698113208,848.0,94.78396488858229,0.11177354350068666,43.833561400343704,8.189686107658085,0.0,32.347736,0.013477284712011884,32.33,32.37,-2.446707229895654e-05,0.03999999999999915,-0.020000000000003126,-0.21438931267266276,1.3745134658684321
19,132,330.0,334.996,0.0,0.0,0.0,0.0,0.0,-0.0031599031207618163,0.11096470946935733,-0.1612191829073673,0.749397648479965,3.776479304504743,19.077520617541722,72.8862973760933,823.2,93.35523552538444,140.91131963046828,260.0,50.0,0.398969433245636,0.0019263803117123388,0.3953313943808891,0.4016563594488289,-0.07380206639124222,-1.5749965136886173,0.3995690805718753,4.381753215018017e-06,-1.0695411835993778e-08,2,0.4,0.0020399281180191187,0.002090681917410575,0.00074180968373072,0.002991587683427707,4.540644681060573e-06,7.129548194281394,0.06619927297466843,7.047415365187634,7.220878107558644,0.0849000539127595,-1.593493162881073,7.202577657620001,7.780783802088779e-05,-1.9181372181071905e-07,1,0.2,0.018154528941253467,0.018154528941253467,0.00609742340330587,0.015235263565317073,0.00023232082916322964,1.607213677530533,43.98693303200009,-95.14699263768787,56.26753923716609,-0.6415599328874898,-0.9481486578811298,-0.0017960614454587134,3.9130851389768524,69.25207756232687,866.4,85.06938344669014,0.09818719234382518,48.39741256422246,5.500749527392915,0.0,32.338465875980035,0.009102596892485834,32.33,32.3555737704918,1.129668319414183e-06,0.025573770491803316,0.019776669042528283,-0.5604236010201948,3.6342198137664212
19,133,332.5,337.496,0.0,0.0,0.0,0.0,0.0,0.0003397404316662755,0.11882330628352554,-0.1572000790178996,0.749397648479965,3.6628016509738304,16.870691307030697,73.2421875,819.2,38.61605883567094,37.78888725538237,96.0,25.0,0.3989107252187964,0.002047080829605452,0.3952866250987463,0.4016563594488289,-0.3132308270372437,-1.2837693088039699,0.39859543750085885,8.905067796483126e-07,-2.369855570451523e-09,4,0.8,0.0017270776220561085,0.0030606108550053635,0.001156248111711779,0.005265163289801198,1.2227324502420794e-05,7.0486058460254455,0.029202195480033343,6.997789568991445,7.125344086749603,0.6291720769917353,0.16363308431736456,7.114481559098792,0.00011200832155607197,-2.710950619926251e-07,0,0.0,0.0,0.0,0.0011425486524426437,0.0009208828852605216,6.699324586281698e-06,1.8914530996096603,45.168071637024596,-94.95537506944206,56.26753923716609,-0.6328698178456033,-0.9765630184088927,-0.00013897251384665762,3.8001014929011463,70.09345794392523,856.0,39.08964057138413,0.045665467957224454,52.35533126813454,3.0965661429119984,0.0,32.344167999999996,0.014382505462787723,32.33,32.370000000000005,4.685939639014782e-06,0.04000000000000625,0.020000000000003126,0.4037496296600565,3.1487295560747697
19,134,335.0,339.996,0.0,0.0,0.0,0.0,0.0,0.00039891631022219675,0.12221660552651366,-0.1572000790178996,0.7881784388237197,3.6743283823988158,16.978099828073805,70.29053420805998,853.6,79.22625827337802,58.88972745734183,188.0,50.0,0.3969184056164094,0.0021353832512518442,0.3932501132525417,0.400336571142701,-0.11075383181383575,-1.3440332213046087,0.39507359450689855,1.484013878538724e-06,3.4110374526948323e-09,4,0.8,0.003591397748297115,0.0052620163836195055,0.001822617588694564,0.010406346493138659,3.825691504993925e-05,7.001828455973709,0.02963958116112595,6.955977554835024,7.050204288658417,0.1946246417982095,-1.3490466924415239,7.039545057127201,3.708650174501914e-05,-8.887789536157581e-08,0,0.0,0.0,0.0,0.0026895732425438633,0.005196991794018743,4.158577920161946e-05,-0.1299272587784548,44.167168642710884,-89.84172511326248,55.05938955347591,-0.5425177741139428,-1.10509639861805,0.0062147375665958585,3.7231115607404446,73.09941520467837,820.8,43.85430423573038,0.05342873323066567,50.691263372284816,4.435636950838404,0.0,32.345630819672124,0.014031572206972459,32.33,32.370000000000005,-2.204080581759196e-05,0.04000000000000625,-0.026229508196720985,0.26467918075792557,2.8088809966183845
19,135,337.5,342.496,0.0,0.0,0.0,0.0,0.0,0.0017763914164279483,0.12199523383932101,-0.1459516012899241,0.7881784388237197,3.7229335897113915,17.644275202280944,66.3716814159292,904.0,36.0,58.309518948453004,100.0,25.0,0.3968082173434133,0.0025978820949713825,0.3923559283762111,0.400336571142701,-0.28848481609666865,-1.5446673469258014,0.3978923129395008,3.1641177068261053e-06,-7.642942500583808e-09,3,0.6,0.0015824105352765794,0.0024393270299903347,0.0007408305378872786,0.003187329566569414,4.776410173200043e-06,6.957872975739038,0.020397855325677453,6.926435677153784,6.99769002584877,0.16477582417116762,-1.1826113209401243,6.9883145078953675,4.775379098175697e-05,-1.188807285838478e-07,0,0.0,0.0,0.0,0.0014360219410728657,0.0017682150565381854,1.094100989783483e-05,0.6468376100595651,42.55241617325895,-86.48070193524055,53.26268834713985,-0.5404165124916377,-1.1318347849741153,0.011878016619940406,3.7038496228732507,69.06077348066299,868.8,65.75104561906221,0.07568030112691324,48.99689804122343,3.9011821859295814,0.0,32.337968,0.00946278974634869,32.32999999999999,32.35000000000001,-1.0905115459258548e-05,0.020000000000017337,0.0,-0.10117508017391941,2.689092064733785
19,136,340.0,344.996,0.0,0.0,0.0,0.0,0.0,0.0010284593709577426,0.11665919445094847,-0.190223335760412,0.7470043778573163,3.676880284253601,17.23681274851099,71.97696737044146,833.6,70.68804708011108,48.373546489791295,148.0,50.0,0.39607528388006014,0.002571842061391508,0.3917441252344171,0.401102029764343,-0.015803471985716945,-1.4477083746262398,0.3936357843166924,3.2208918588273003e-06,7.34417368300728e-09,3,0.6,0.003962046213718077,0.005877650238276799,0.0022959049004083764,0.013234522257531335,6.144439977572326e-05,6.927753573015661,0.014553416104756177,6.904865721776121,6.955913179737301,0.17659724305672064,-1.1117519128628168,6.946791603080503,6.0797757544249357e-05,-1.5182401144629667e-07,0,0.0,0.0,0.0,0.0016718113990822397,0.0025113544598241084,1.5243027768018644e-05,0.05733684052568533,44.96194266037669,-89.71437340204226,54.57167635798015,-0.546603988204651,-1.1362850204975752,0.006561250877819423,3.6326017638222803,67.75067750677506,885.6,38.01052485825472,0.04292064685891454,50.76883338798293,2.753397352810813,0.0,32.33395199999999,0.007561475609089037,32.32999999999999,32.35000000000001,-2.30051987190654e-07,0.020000000000017337,0.0,0.11434618194154184,4.226289863666395
19,137,342.5,347.496,0.0,0.0,0.0,0.0,0.0,-0.0018448687247328394,0.12284238495846872,-0.190223335760412,0.8233391427328862,3.724461545366431,17.771709646299048,75.6811301715439,792.8,35.82178108358098,46.389654018972806,80.0,25.0,0.39659525012840535,0.002807427262998839,0.3917441252344171,0.4030371071282306,0.3002917945026912,-0.5995481203951032,0.3976689895887491,5.670496797169208e-06,-1.3698682818167299e-08,2,0.4,0.0031389248359642574,0.0053714736590142476,0.0013058080497434803,0.003500773958061889,1.0971357922965547e-05,7.033881039107102,0.1808915389838136,6.904865721776121,7.428766625484726,1.1629581130788424,-0.30852060530198067,6.917947543636443,3.874502246539369e-05,-9.676870610087774e-08,0,0.0,0.0,0.0,0.17897556773574946,0.592873574788652,0.2305794363716808,0.14210658463922554,45.98850517532765,-101.3809616412254,63.05271496297669,-0.5669186195093465,-1.0227592660261282,0.015486475389978592,4.102624274746029,73.38551859099805,817.6,66.78922068717377,0.08168935994028102,53.49934472893464,6.51354128683234,0.0,32.331855999999995,0.005537213040431979,32.32999999999999,32.35,-8.065438761890462e-06,0.020000000000010232,-0.020000000000003126,0.027976094236370336,2.2956115805458523
19,138,345.0,349.996,0.0,0.0,0.0,0.0,0.0,-0.0015424103397143458,0.12529047397200846,-0.1573872684491629,0.8233391427328862,3.8258273425896188,18.62453604536413,77.78738115816768,771.3333333333334,60.261651708749795,75.9789444517361,168.0,20.0,0.3953580278977523,0.003633657024849053,0.3901043062634452,0.4030371071282306,0.2738104921843674,-1.0429948380104306,0.3994994075025596,5.315035523529786e-06,-1.3049245482167318e-08,1,0.2,0.0035249613030323146,0.0035249613030323146,0.000777334960452453,0.0011756299114522603,3.2968185554772993e-06,7.2696430066589235,0.18261011612996994,6.9050220903794415,7.432555691051098,-0.9874530966916282,-0.60239742493129,6.919023997254341,0.00038935829661166245,9.38150472026504e-07,1,0.2,0.513295331172551,0.513295331172551,0.18086446814732174,1.755842768867764,0.7805554383647562,-0.14913747589605228,44.74097971097683,-101.3809616412254,63.05271496297669,-0.5719059800591473,-0.9215716098219446,0.0047927264828224216,4.251711885577625,75.98784194528875,789.6,47.29482001234385,0.05989718846548106,54.171528038748555,6.122242118382488,0.0,32.32999999999999,7.27409230706827e-15,32.32999999999999,32.330000000000005,2.4133340458539147e-17,1.4210854715202004e-14,0.0,-0.856445549389937,1.7995392128789263
19,139,347.5,352.496,0.0,0.0,0.0,0.0,0.0,0.00015958814491310588,0.12065387458265898,-0.1399166788656511,0.799614645746729,3.833862667415338,18.319128469819113,75.75757575757575,792.0,26.04611295375953,39.0691694306393,72.0,20.0,0.3929859650804182,0.001815208367379754,0.3901043062634452,0.3960789530636933,0.06679937361703317,-1.3661602241114843,0.3920997847081283,3.32201894258995e-06,-8.338839570534302e-09,2,0.4,0.0035213728389374976,0.003980888830387441,0.0013760414483877654,0.006425521581781261,1.7719151441344576e-05,7.295708847512354,0.1016360001575658,7.13618035558048,7.432555691051098,-0.051206075515902,-1.479015602457067,7.4138502401115245,9.746070955308283e-05,-2.4027161591535447e-07,1,0.2,0.01848756733223844,0.01848756733223844,0.005878687327302097,0.013330026593835037,0.00020835239048360872,-3.0227137866605878,42.0449584651614,-98.00874919406958,53.35166836486039,-0.48924077551316936,-1.0742579928513756,0.0013262189046260254,4.142020748497089,76.2970498474059,786.4,24.75479751482528,0.03147863366585107,51.05428217882266,2.3832723166308605,0.0,32.33610399999999,0.009038109471962827,32.33,32.35000000000001,2.0338670296743977e-05,0.020000000000010232,0.020000000000003126,-0.26520728917675135,0.5394740898301507
19,140,350.0,354.996,0.0,0.0,0.0,0.0,0.0,-0.00031250196264067027,0.116753406466518,-0.1463877408759335,0.7598248926236623,3.6889660484429974,17.1727055174462,71.56488549618321,838.4,35.28172331391992,39.89987468652001,88.0,25.0,0.3922376602517328,0.0019594949010066217,0.3897631824832172,0.3960789530636933,0.4532614324485601,-1.12993623616298,0.39516376027405536,5.252016217360094e-06,-1.2831916151635597e-08,1,0.2,0.0009015428561751637,0.0009015428561751637,0.00018262221587676117,0.0002317950993793213,1.7751320483386742e-07,7.152479444628273,0.06281123810680504,7.072362490042447,7.296003066804107,0.6519103081885773,-0.7347824283772426,7.282869711887053,0.00017975429588781145,-4.37079528254885e-07,0,0.0,0.0,0.0,0.0012392260956776819,0.0008961883506619888,7.842070143840006e-06,-0.5631129990190917,42.21235520130505,-90.9585584713114,58.691746052950734,-0.5400701202478808,-1.0665042873672592,0.0018295478223221836,4.046148335169382,73.17073170731707,820.0,32.984845004941285,0.040225420737733275,52.08078853250645,4.24863937987975,0.0,32.341892637681156,0.00919265526876998,32.33,32.35000000000001,6.540921723609212e-06,0.020000000000010232,0.007536231884060385,0.806159870222169,1.6058462111338656
19,141,352.5,357.496,0.0,0.0,0.0,0.0,0.0,-0.0004150008342951189,0.11575722380802274,-0.1463877408759335,0.7589609304323699,3.5881175795661395,16.623987888034943,70.15902712815715,855.2,15.849290204927158,23.916521486202797,40.0,0.0,0.39108317916184243,0.0019545602358662386,0.3883125286524166,0.3950007035419791,0.4763159941460478,-0.8117668414450323,0.39029223482154335,2.130659664235859e-06,-5.36889268501522e-09,2,0.4,0.0031460312656293454,0.004709794796663447,0.0015407887343190183,0.0060612308319461655,1.920948032856647e-05,7.077522872261527,0.026893957698470895,7.041245703064885,7.1360086090643655,0.46755869437205716,-0.9901682774005316,7.126088752878426,8.350300181682093e-05,-1.9962024747647608e-07,0,0.0,0.0,0.0,0.0011986902377490605,0.0011418711438959015,7.4482301350562056e-06,1.9640879774601425,45.6363162162991,-99.8240049849618,58.691746052950734,-0.6389539783923335,-0.9280529376196243,-0.0036051475847275385,3.9511263275590656,70.2247191011236,854.4,13.740451229854134,0.01608198879898658,56.2906889779029,2.9701236112935883,0.0,32.335863999999994,0.008546024296115043,32.32999999999999,32.35000000000001,-1.2279088818610114e-05,0.020000000000017337,-0.020000000000010232,-0.03630595031927705,0.06569197296644802
19,142,355.0,359.996,0.0,0.0,0.0,0.0,0.0,0.0004914880505696654,0.11692257367954295,-0.1547415949335373,0.7589609304323699,3.588960444853154,16.61912106607732,70.0280112044818,856.8,39.83967871356394,52.15361924162119,96.0,25.0,0.39170127642322405,0.0022137213190029014,0.3883125286524166,0.3950007035419791,-0.2292537825731522,-1.3907895637514673,0.3926759508783824,3.7402091537082003e-06,-8.857363179898455e-09,2,0.4,0.0020004087292301576,0.002317038712777164,0.0007315733705821551,0.0024290696666894153,3.859182223049498e-06,7.042828101699032,0.014027513886317932,7.01794945369573,7.072273175846377,0.17231830077869362,-0.9041324720049024,7.063135249998782,2.699246728730522e-05,-6.323670570607644e-08,0,0.0,0.0,0.0,0.0014884977707197795,0.0019811967268672606,1.1868712721073934e-05,0.6712390444428568,46.41128739459049,-99.8240049849618,60.763218217257865,-0.628733526259171,-0.9539196859403574,0.0024686971580161992,3.9652918180751207,70.88846880907373,846.4,23.426480742954116,0.027677789157554485,56.16026168043115,3.7411004830626307,0.0,32.32608336231883,0.007646339183290533,32.31,32.33724637681159,-7.815138719949526e-06,0.027246376811589812,-0.007246376811593791,0.07898379785658144,0.8604576045919288
19,143,357.5,362.496,0.0,0.0,0.0,0.0,0.0,0.001476194708034609,0.11758138562189,-0.1547415949335373,0.7438110871620541,3.701380551774734,17.406811565788598,66.3716814159292,904.0,55.281099844341014,61.25357132445422,144.0,50.0,0.3907358711579919,0.0024230257962638843,0.3872437891154984,0.3945650620007516,0.07688207160772174,-1.5300492916669912,0.3884505071026745,4.4001554560724925e-06,1.0662101857622962e-08,2,0.4,0.006011363173866469,0.006112134897683419,0.0022312399090303027,0.012236113573090648,5.484052045482249e-05,7.02084798337824,0.011600995945091909,7.006099348019572,7.041232436936203,0.2968288512628723,-1.406569823209657,7.031940533686417,4.527063803653039e-05,-1.1318328679340964e-07,0,0.0,0.0,0.0,0.0024353867842314245,0.006041477535319715,3.6976099077658756e-05,0.6654563639526244,47.16092917413666,-96.0207249627334,60.763218217257865,-0.5925559806455653,-1.0791845861469331,0.009922120148384532,3.7701791192646446,68.18181818181819,880.0,62.864934582006846,0.07143742566137141,54.08080677303886,3.5617465443092997,0.0,32.326007999999995,0.00758276760583652,32.31,32.330000000000005,1.1703293250090065e-05,0.020000000000003126,0.0,0.5186681843378407,1.8101367658889842
19,144,360.0,364.996,0.0,0.0,0.0,0.0,0.0,0.001972931368612767,0.12304695156569803,-0.1742877355411576,0.8349863054045765,3.769436047116183,18.010289360895747,69.44444444444444,864.0,49.558046773455466,47.74934554525329,120.0,50.0,0.39111736732890656,0.0024977140370101587,0.3872437891154984,0.3945650620007516,-0.23017956903524128,-1.5779985069864124,0.39336061677732753,7.654266754216294e-06,-1.8460091790682367e-08,2,0.4,0.0010240451736132083,0.001183669981045965,0.00030067244869025583,0.0007038989656949223,5.513393043994478e-07,7.0042536619851195,0.007445852303065303,6.991045270879477,7.017923898672116,-0.07189185274069623,-1.1409502226398003,7.009037779120176,4.848219032824403e-05,-1.2164049226466435e-07,1,0.2,0.002915588694921034,0.002915588694921034,0.0022527827825278993,0.005774202693674531,3.206364682660162e-05,-0.11921319753473562,45.292336564622694,-90.24242517691336,55.08603893724021,-0.5026672430896973,-1.1640273132329189,0.005833361607157875,3.6257134950052126,66.54835847382431,901.6,54.596703197171166,0.06055534959757228,52.24766056248686,2.872403702315018,0.0,32.32167439999999,0.009988644458602617,32.297333333333334,32.330000000000005,-2.407015018887068e-05,0.03266666666667106,-0.03266666666666396,-0.47940743676582515,2.8960859706201347
19,145,362.5,367.496,0.0,0.0,0.0,0.0,0.0,-0.0015589236947749071,0.11667714872651144,-0.1742877355411576,0.8349863054045765,4.0498796449553325,21.527670903869275,71.02272727272728,844.8,186.98449133551156,153.93505123915085,456.0,50.0,0.39091317697187516,0.0023851860107188608,0.3859523337061536,0.3942193009841652,-0.3217068747315919,-1.0453988985562463,0.390102744318808,1.2974165145821952e-06,2.9751625354523674e-09,2,0.4,0.0030087042965945276,0.004116647966947051,0.00154750025522737,0.007489797128562617,2.3198614604432777e-05,6.993082336463641,0.005857865293314517,6.985962598823555,7.006074994437344,0.6171305057998702,-0.7413191967108856,6.9971581266160054,5.722675207146431e-05,-1.4281943296274814e-07,0,0.0,0.0,0.0,0.002329516200973025,0.005270367989429332,3.2703884136586794e-05,-3.5225274122234085,46.98627067891937,-106.51228944888216,64.95727023360634,-0.43867697327623595,-1.0492690963883335,-0.004457207123512302,4.207121835456537,70.58823529411765,850.0,26.229754097208,0.030858534232009415,55.541823531766894,6.929020533566371,0.0,32.303895999999995,0.012247876240438748,32.28999999999999,32.33,-2.2877249841404372e-05,0.04000000000000625,-0.01999999999999602,0.5702743026427614,0.4344919786096284
19,146,365.0,369.996,0.0,0.0,0.0,0.0,0.0,-0.0013548127063818087,0.11038266019156785,-0.1454369158135472,0.82823127915832,3.885398003319499,20.371625158728154,63.224446786090624,949.0,50.74117328823474,41.95235392680606,104.0,33.33333333333333,0.3897112685152334,0.0018162563293721073,0.3859523337061536,0.3920043812166717,-0.5483059025096738,-0.8197664080360103,0.38920133761357484,3.4328800729806028e-06,-8.368281426880866e-09,4,0.8,0.0021321235732938704,0.002804770794250122,0.0010850218892230247,0.005268004006947107,1.1432026653907288e-05,6.9825236863444,0.007223089743149407,6.966203108806452,6.991431434547084,-0.736043332122058,-0.7363577018423912,6.98229227396825,2.6172473335914524e-05,-6.563329913673944e-08,2,0.4,0.007149221913792747,0.00908551241775335,0.003085923267615677,0.0161475467846029,9.983737419167713e-05,0.8221842256777814,52.23508674681685,-108.6505793562005,64.95727023360634,-0.5550482627034339,-0.999304931462714,0.00798272767208054,3.8094920531398064,67.0840787119857,894.4,161.26003844722348,0.1802996852048563,56.5416581865238,12.180218845352758,0.0,32.306261600000006,0.014557478872097242,32.28999999999999,32.33,3.008449515810127e-05,0.04000000000000625,0.012999999999998124,-0.14377883983455522,3.859631925895073
19,147,367.5,372.496,0.0,0.0,0.0,0.0,0.0,0.00027504800381463016,0.11423800413378335,-0.1723204898122192,0.7275326995512381,3.4213021147596283,15.601701275637105,72.46376811594203,828.0,74.18894796396563,51.10772935672255,156.0,25.0,0.3891089950726054,0.0024925731526857006,0.3849253574877607,0.3919843639795167,-0.46951930788140905,-1.443706657493404,0.3914659087962208,2.0179483548622787e-06,-4.579742151126861e-09,1,0.2,0.0005164013842899884,0.0005164013842899884,0.0001225097497457484,0.00022160086584166702,8.48952975045817e-08,6.967723367554387,0.010368634163448704,6.954134558632972,6.985951504986102,0.2620067446188704,-1.2749387950317521,6.976812275907074,4.188021407034342e-05,-1.0396926653138687e-07,0,0.0,0.0,0.0,0.0026403838363593655,0.006464604655000915,4.3235207057107e-05,3.3174563078772503,48.49459527897712,-108.6505793562005,63.204345692913066,-0.6322981085391857,-0.9029118108940133,-0.0060040690085848445,4.014068986286855,65.78947368421052,912.0,73.70210309075311,0.08081370952933456,55.93680622359634,5.834423164185127,0.0,32.318024,0.009145087967383824,32.31,32.330000000000005,-7.095402940755968e-07,0.020000000000003126,0.0,0.4822809428677176,6.674294431731511
19,148,370.0,374.996,0.0,0.0,0.0,0.0,0.0,0.0008875984000737716,0.12108560846618538,-0.1744668580919819,0.7941566638071145,3.63016653907869,17.0953380287835,68.11989100817439,880.8,130.51896413931578,110.07270324653611,284.0,75.0,0.38797317668769915,0.002126473235791918,0.3849253574877607,0.391160523575764,0.11547770787913003,-1.603847616767136,0.38581320792542845,6.282316889381133e-07,1.5117671544679672e-09,3,0.6,0.0038361573076731714,0.005347110421574819,0.00201798928087546,0.011238993287689333,4.561102794241341e-05,6.972260475519675,0.017832033911181194,6.954134558632972,7.0018427997422,0.6332952405124509,-1.2971488192712557,6.9577523281055775,6.060514782608348e-05,-1.504394955964844e-07,1,0.2,0.04413969326438494,0.04413969326438494,0.017253502384148103,0.07573807932749259,0.0026374950027381184,0.731497690998253,45.637863436103835,-96.90818938635512,55.7243720204267,-0.5769412782396899,-1.0786396818111397,0.016005553656222398,3.7847107976257175,72.95719844357977,822.4,66.06663303060024,0.08033394094187774,53.23050559096637,2.693414949544554,0.0,32.313803934426225,0.014179490649232228,32.29,32.330000000000005,-7.39417275842993e-07,0.04000000000000625,0.008852459016388536,-0.31655041856151817,4.837307435405378
19,149,372.5,377.496,0.0,0.0,0.0,0.0,0.0,0.002720340262163917,0.12214258631623055,-0.1744668580919819,0.7941566638071145,3.650611345327823,17.05844981728527,62.814070351758794,955.2,75.91574276788708,58.0,204.0,50.0,0.38869694956309486,0.001952352454737098,0.385359940787073,0.3912166218150908,-0.34571329330923867,-1.4317543404369444,0.38959057804338154,4.0039399076811305e-06,-9.743789963744269e-09,2,0.4,0.0014633452182235274,0.0016166128143552672,0.0005629903217393267,0.002029941966920844,2.4110889810505114e-06,6.9863238566675525,0.012883063073715484,6.956289334899665,7.0018427997422,-0.670996437315346,-0.6029327901454837,6.95014267804746,3.954972239962694e-05,9.818301362930476e-08,1,0.2,0.05169349698323966,0.05169349698323966,0.012860724712198,0.18085058116412323,0.007371718039349012,-2.8109186763514615,49.80958136294525,-107.3863183300925,55.7243720204267,-0.4457772501198288,-1.177449631656408,-0.002680367424234144,3.7217459283199754,65.14657980456026,921.0,129.2594290564522,0.1403468285086343,55.22436150124954,0.41678589080700457,0.0,32.309912,0.011942285087183232,32.29,32.33,8.090025017650188e-06,0.03999999999999915,0.0,-0.7501728205558332,2.3325094528014674
19,150,375.0,379.996,0.0,0.0,0.0,0.0,0.0,-0.0011749784737648391,0.1179780407349506,-0.1940701899128923,0.7295890101643969,3.4242917035725093,15.683662788750755,75.31380753138076,796.6666666666666,80.85212839911307,117.67072703098252,236.0,60.0,0.38820361657762803,0.0023773246485468344,0.3840783471691017,0.3912294942237884,-0.3799564904675023,-1.2253540403157988,0.3857741881009499,3.4782342205738407e-06,8.040448741715035e-09,2,0.4,0.005441411606472657,0.005453298644316484,0.0020251921183687396,0.01333707778608686,5.610423841107726e-05,6.9737069000615115,0.015034989984708577,6.950457887605679,6.9992137184381695,0.2799390469517789,-1.2958157252292049,6.989602236414735,1.237701366907795e-05,-3.007592031403354e-08,0,0.0,0.0,0.0,0.002776013155817564,0.006200811079146448,4.6238009609718484e-05,-3.13365986182284,47.79632822103119,-107.3863183300925,56.01540710252165,-0.4304670830994633,-1.11295673359908,0.0047888200077571014,3.9058489656150295,65.50218340611353,916.0,62.053740150507174,0.06774425780623054,53.67852553075644,3.117957750550392,0.0,32.3100553989071,0.011815546321913985,32.28999999999999,32.33,6.8252061692391175e-06,0.04000000000000625,0.00091985428051089,0.19777163750584378,9.81162412526723
19,151,377.5,382.496,0.0,0.0,0.0,0.0,0.0,-0.003134823938177344,0.11593978074320896,-0.1940701899128923,0.7937091905846374,3.7623290213368783,19.18369972806172,77.08119218910586,778.4,189.6649677721218,163.29115101560157,528.0,75.0,0.3877842238946696,0.0019057178202634673,0.3840783471691017,0.3912294942237884,-0.5258514235245672,-0.5354547882783054,0.3903584216078212,6.896319083609779e-06,-1.6512869957714896e-08,1,0.2,0.000851388683859533,0.000851388683859533,0.00016470249739675784,0.00020062262968277168,1.437114002853569e-07,6.9666301521501035,0.015766147644387413,6.949710274671926,7.002709035272698,1.021880446318427,-0.14135055693398524,6.962665919297673,6.575313671632991e-05,-1.638799662081141e-07,0,0.0,0.0,0.0,0.012780342466569485,0.03964008358556023,0.001131848824029059,0.8935319720314223,46.34623687719503,-109.43573074358932,68.54152544935883,-0.599886939501731,-0.8704367999612743,-0.01183524777743219,4.4188638230231385,73.28990228013029,818.6666666666666,59.68807809493171,0.07290889018110551,56.05462821042204,6.633645690157849,0.0,32.308088,0.013143639196362841,32.28999999999999,32.33,-1.1708116293044798e-06,0.04000000000000625,-0.020000000000003126,-0.127791547450442,3.791289908975571
19,152,380.0,384.996,0.0,0.0,0.0,0.0,0.0,0.0012035242257899931,0.117652771472435,-0.1734441371832188,0.7937091905846374,3.8782861020895845,19.670687635812143,65.50218340611353,916.0,193.68014869882768,226.99779734614165,452.0,25.0,0.3870521574622211,0.0018923789406505955,0.3833477488474575,0.3895088339294357,-0.5005326621666075,-1.042959110304054,0.3887367262194035,3.925484032569817e-06,-9.464284677464557e-09,1,0.2,0.0007643829453108375,0.0007643829453108375,0.00022484958332297947,0.0005096549883611049,3.0477958162326915e-07,6.984569395570844,0.01897880095596181,6.949710274671926,7.002803163235707,-0.84956848807172,-0.8128013808253556,6.944467028236295,1.987617342608926e-05,4.5762860559922665e-08,2,0.4,0.05807360685218921,0.05832486137677151,0.018960614995950736,0.20042244166138434,0.009837085914614728,2.900659383794309,52.78098347595452,-121.388822655027,68.54152544935883,-0.6811336758323294,-0.7847048367014189,0.002778835151505349,4.146850105433441,67.68953068592057,886.4,129.01472784143678,0.14554910631931045,59.818609994229746,7.11013416379122,0.0,32.30209266666667,0.009598759501700528,32.28999999999999,32.31916666666666,-8.358808976281654e-06,0.02916666666666856,-0.00916666666665833,-0.8239211398954626,2.1873472798070424
19,153,382.5,387.496,0.0,0.0,0.0,0.0,0.0,0.0018827010175956353,0.12054252687124156,-0.1532837997394639,0.7716231729399907,3.5959832165575705,16.67627922625433,65.84723441615452,911.2,68.78371900384568,59.295868321494375,152.0,25.0,0.38630586614459955,0.002284197942633188,0.382664762904039,0.3903038775159214,-0.012679869457190579,-1.3635684816648395,0.3851970929116635,7.25600739222616e-07,1.8735622101522604e-09,2,0.4,0.0043355198995864985,0.005106149385830039,0.0016805842045796117,0.00819899722211769,2.7555229979996418e-05,6.981135007979377,0.01766541534744764,6.949040260937267,7.002803163235707,-0.3097930081306499,-1.3024197637423223,6.993557014030163,3.0065988256666616e-05,-7.533593141556737e-08,2,0.4,0.008938201663224454,0.009171761526872935,0.003534205483364677,0.011291428157726902,8.798443004873224e-05,1.61976792853603,53.107895494571736,-121.388822655027,67.72679771017718,-0.5877945700636354,-0.9951556616550432,-0.0006895285710200661,4.034165341921407,62.95907660020986,953.0,65.02307282803544,0.06822987704935513,59.88296747362472,4.474474685828276,0.0,32.303968000000005,0.008997810346617417,32.28999999999999,32.31000000000001,2.0200891008580586e-05,0.020000000000017337,0.020000000000010232,-0.06698342115935606,2.888157815944659
19,154,385.0,389.996,0.0,0.0,0.0,0.0,0.0,0.0002051122821249021,0.11684232187516715,-0.1788458721659719,0.769503672508426,3.6432374672137704,17.222906279900098,72.25433526011561,830.4,36.943199644860215,39.698866482558415,96.0,25.0,0.38633157605520546,0.002462674274597228,0.3819590745868202,0.3903038775159214,-0.3865297189611919,-1.1614897095712615,0.38807622413755627,4.545184399494382e-06,-1.1252209107548854e-08,2,0.4,0.0014498855907620622,0.002224873854107745,0.0005510912242071063,0.0011909310456334945,1.801564294212299e-06,6.951045135550741,0.017280467360385715,6.926365027506375,6.983122785407596,0.27254610689108894,-1.1070488835802992,6.973423672276639,6.703436228586088e-05,-1.6372889614124647e-07,0,0.0,0.0,0.0,0.002258923236036701,0.004010083153207784,2.873999541154052e-05,-1.535171498207632,48.42938184502869,-101.27552443157688,59.96121773478063,-0.4851561923716411,-1.2033607831968145,0.010444618263508594,3.7555071134821922,68.74427131072412,872.8,53.76988004450075,0.061606187035404165,56.03162127284133,4.202514197733996,0.0,32.31,1.0251694567056612e-15,32.31,32.31000000000001,1.4947537686330574e-17,7.105427357601002e-15,0.0,0.2924276754120645,3.510063949391494
19,155,387.5,392.496,3.5004,21.0,0.0,21.0,14.0,-0.0006687952664645742,0.11066120561889087,-0.1788458721659719,0.7648874167802606,3.8946260479162778,20.03058177962869,69.25207756232687,866.4,79.57889167360902,92.30384607371461,192.0,75.0,0.38566723069721437,0.001819626628215006,0.3819590745868202,0.388048882729975,-0.3993785810851586,-0.973986273382927,0.3827049784622628,3.537179954449794e-06,8.546451883580305e-09,3,0.6,0.004117738113055121,0.005344631626405971,0.001735497903044247,0.015034967563894386,6.026175623125067e-05,6.9388015443279585,0.008544635185871424,6.926365027506375,6.966089543140709,0.4142497558816451,-0.18446159830643793,6.940092540300641,5.884867063294296e-05,-1.4683300505512844e-07,0,0.0,0.0,0.0,0.004695196406266604,0.014724362671857918,0.00015390827544919285,-0.8483407520434424,47.21574618141317,-101.12869222724127,60.78210452933085,-0.5227593049078727,-1.074211531120216,0.003826644893367685,3.9283971238572235,71.09004739336493,844.0,52.230259428802384,0.06188419363602178,55.68253163016806,4.387221270762102,0.0,32.31,1.4358004088188154e-15,32.309999999999995,32.31000000000001,1.4947537686330574e-17,1.4210854715202004e-14,0.0,-0.728954315565622,1.837969831038052
19,156,390.0,394.996,17.9596,33.0,0.0,33.0,31.0,-0.0022104165545127137,0.10997283612210056,-0.1510650738770851,0.7615460916466981,3.983781494887901,20.85527535354424,64.58557588805166,929.0,49.35585071701227,56.66274496233541,104.0,33.33333333333333,0.3858448931338439,0.0015333482650437384,0.3826992880067747,0.387683614867629,-0.4094838856655921,-1.2134259473398832,0.38519276715457346,1.609113740160545e-07,-1.8058409008962273e-10,3,0.6,0.0022653939471214413,0.0024908328630987575,0.000997842530376844,0.0053722761633630866,1.0749550921384945e-05,6.996645012482236,0.06175409748632329,6.926648012995551,7.084805800979404,0.36503298735243944,-1.6148279759478972,6.920066549004763,1.8507695720977672e-05,4.488265695170736e-08,1,0.2,0.1647252540974833,0.1647252540974833,0.06174058154527184,0.3825528297213979,0.04836555479295628,-1.4480937712654334,47.54437643211361,-101.12869222724127,60.78210452933085,-0.49702668619719625,-1.0766645400119832,-0.004855483910663106,3.9079923978025284,70.62146892655367,849.6,175.64965129484315,0.20674393984797923,50.49210873484808,11.39325723806556,0.0,32.310072000000005,0.011904297594801124,32.28999999999999,32.33,-7.341623898625212e-06,0.04000000000000625,-0.020000000000003126,0.3607431452487487,6.03589303850201
19,157,392.5,397.496,36.948,52.00000000000001,20.0,32.00000000000001,51.99999999999999,-6.87579624508519e-05,0.11798864481426265,-0.1478860960525839,0.7736980926827871,3.7106508519265584,17.74321422177116,66.07929515418502,908.0,31.496031496047245,37.78888725538237,72.0,25.0,0.38460231019859903,0.0021842814666569853,0.3804786375178111,0.3876810840571743,-0.07219098676609963,-1.2834000331130355,0.3830272515103223,2.6133065715135263e-06,6.33105448351905e-09,3,0.6,0.003147692905753933,0.004655719344187292,0.0018060291119052251,0.00934872377296649,3.379872782652292e-05,7.058458054953825,0.028064596945686825,6.966363539536134,7.084805800979404,-1.6618562593776152,2.221560895784086,6.962330355931869,0.0001267248576928142,3.029584888170403e-07,1,0.2,0.12243299067022306,0.12243299067022306,0.02796132138921959,0.48042222172540705,0.05010872272345854,1.512473512735647,44.84144096022227,-100.9852570920097,58.62562937668004,-0.6244434891684414,-0.893885493173908,0.00579425120525475,4.085016447079108,66.7853962600178,898.4,69.08545433012654,0.07689832405401441,51.42157565425591,5.2415911628662375,0.0,32.306008,0.014270428211088544,32.28999999999999,32.33,-1.1672716590525134e-05,0.04000000000000625,0.0,0.12356359353337923,0.7061011058327864
19,158,395.0,399.996,47.1152,52.00000000000001,18.25,33.75000000000001,52.0,0.0027398888949338902,0.12196509502995292,-0.1768589702170577,0.7791011079254905,3.6087317984673706,16.704798137182365,67.50675067506751,888.8,57.577773489429056,68.76045375068433,136.0,100.0,0.38397176613613576,0.0017085911348637853,0.3804786375178111,0.3865952602320647,-0.11463538040090968,-1.0600990536975126,0.3836494024027915,1.3550432952137117e-06,-3.219501027028097e-09,3,0.6,0.001891334715862114,0.0029466532852852056,0.0010854687347829977,0.004477688540873385,9.896437835274007e-06,7.069442653883998,0.00875241063828009,7.054018540642731,7.091758179543375,-0.17703817514123196,-0.6023369852455245,7.07359991742344,2.6480460626138283e-05,-6.534475361737134e-08,1,0.2,0.0020496757551340394,0.0020496757551340394,0.0033169488313134544,0.007891754627571657,6.759791047827483e-05,2.843562799346399,45.21434814180398,-95.74097854545586,58.62562937668004,-0.6713257220464918,-0.8911560151862119,0.0024242017979324714,3.8718637068015234,67.14413607878245,893.6,66.36866730619201,0.07427111381623994,53.20423676595891,4.689096132538809,0.0,32.30978399999999,0.012258497869548182,32.29,32.33,3.0273176494850615e-05,0.03999999999999915,0.03200000000000358,-0.07147371042570941,0.36261459628505577
19,159,397.5,402.496,25.0204,52.00000000000001,0.0,52.00000000000001,52.0,0.0012721151116596933,0.11900363794063795,-0.1768589702170577,0.7791011079254905,3.7461744652543683,17.722437105330545,65.04770164787512,922.4,71.64356216716195,86.48699324175861,168.0,75.0,0.38429341691175284,0.0018433396957448823,0.3808890031395472,0.3865952602320647,-0.4958114412644462,-1.2839834668542505,0.3854196757438355,2.834091702299757e-06,-7.0447729871187125e-09,3,0.6,0.000902732796314846,0.0011693198916909453,0.0003511406844339253,0.0011691441496145848,8.90070807377648e-07,7.122489786339071,0.06880160029524018,7.066244020461992,7.322680642835691,1.4520971200099306,1.0135775419108333,7.057766131979217,5.778662270144846e-06,8.543376516098687e-09,1,0.2,0.017866851266825634,0.017866851266825634,0.06880055864005342,0.32307144382425446,0.044594407446910976,-2.415502031724342,48.03766600460419,-96.82346923401688,56.18314296721192,-0.45007077422781244,-1.1920037952782072,0.0030615295189392053,3.6085872377581056,68.80733944954129,872.0,65.56421788343599,0.07518832326082109,54.24049521662139,1.7989263341127202,0.0,32.310032,0.012097908049958373,32.28999999999999,32.33,-1.5287449143938426e-05,0.04000000000000625,0.0,0.1416784403292143,3.759637801666173
19,160,400.0,404.996,0.394,17.0,0.0,17.0,0.0,-0.0018079005497540265,0.11986533012022131,-0.1551493450630283,0.7957107679578377,3.823432037220096,18.482817749412078,70.88846880907373,846.4,79.4279547766402,86.04649905719582,208.0,75.0,0.3827067878742174,0.0023549197499271876,0.3788818854997491,0.386185952518863,0.06828649075907978,-1.4709604705385184,0.38196196387118714,5.472598863224323e-07,1.3144072332555255e-09,2,0.4,0.0038788837095099227,0.004224029227437975,0.0016697414223158995,0.007036903072367989,2.3833972011678412e-05,7.264962878822941,0.10639516884555077,7.091950340627,7.375482185652757,-0.42169547933267354,-1.54801443858269,7.089085373491652,0.00014155739264406903,3.395796897373526e-07,1,0.2,0.28629365901718895,0.28629365901718895,0.1062674683380549,0.8789007975080252,0.21108318744337942,-2.3388114748887583,42.27506998630815,-96.82346923401688,56.18314296721192,-0.4632220107308061,-0.9429218676875886,0.004843928917447497,4.2197506215238505,64.1711229946524,935.0,89.64373932405988,0.09587565703108009,47.788435134419146,6.674998107167482,0.0,32.302184000000004,0.009476454101865612,32.28999999999999,32.32166666666667,-8.595062140808539e-06,0.0316666666666805,-0.03166666666667339,-0.19100786803280367,6.717345814421321
19,161,402.5,407.496,0.0,0.0,0.0,0.0,0.0,-0.0017137086886249285,0.12265371972956811,-0.1830932350811133,0.7957107679578377,3.637195862550432,16.8755311621212,77.51937984496124,774.0,143.81654981259982,144.7314754985936,384.0,40.0,0.38303732431103893,0.0021912534423542324,0.3788818854997491,0.3858518932478735,-0.5258081905878182,-1.1893794528486472,0.38426548475621497,5.199306761093588e-06,-1.266975322901762e-08,4,0.8,0.0008784881802321454,0.0015904679110396724,0.00047960491294779403,0.0015510049910318273,1.6313166222177975e-06,7.33232209226659,0.030233706972706387,7.2771371852585744,7.375482185652757,-0.007345187116615426,-1.3087764548124197,7.311677662856883,4.677969680733e-05,1.0896175798812933e-07,1,0.2,0.06383135369817605,0.06383135369817605,0.024848086374021576,0.12511250773805851,0.006216459197184403,-0.9990754481792167,42.078739511151184,-104.63314324508298,60.37537098662629,-0.585892688330789,-0.7400824623373334,-0.014332245959339776,4.62170659230314,71.77033492822966,836.0,47.74934554525329,0.057116442039776665,48.165422194058465,9.080179469350774,0.0,32.30056,0.009333721856624504,32.28999999999999,32.31000000000001,-7.416078986282873e-06,0.020000000000017337,-0.020000000000003126,-0.7165808368373673,5.749044916731577
19,162,405.0,409.996,0.0,0.0,0.0,0.0,0.0,0.00013594977162073292,0.12754829425067052,-0.1830932350811133,0.7825489128075949,3.6127280996161866,15.991113442699962,78.19287576020851,767.3333333333334,78.44148562251144,99.05150175539995,216.0,20.0,0.3827735465734208,0.001997219062435933,0.3783736934474444,0.3858518932478735,-0.4463031996146711,-0.7099018430050523,0.38147721817443186,2.216153368664406e-06,4.826647807218962e-09,4,0.8,0.002705516937405686,0.004373554620186015,0.001494844908870226,0.008159503843112715,2.449656246845127e-05,7.275106628391661,0.03462068439195326,7.215481350324908,7.329123372053579,-0.16673159050495687,-1.3636159773478516,7.319713340399198,5.530974035941033e-05,-1.3353581810113247e-07,0,0.0,0.0,0.0,0.001247740601352308,0.0013892900481588999,8.174428293223034e-06,0.3561836348270277,48.97614114597804,-104.63314324508298,62.38304212383507,-0.5732634389274499,-1.0209989144172114,-0.0046464230828004265,3.9157255622063984,73.4094616639478,817.3333333333334,46.0028984594087,0.0562841335147741,56.669853497977286,7.827460488494939,0.0,32.298488,0.009195485443545294,32.28999999999999,32.31000000000001,5.967025898904644e-06,0.020000000000017337,0.020000000000003126,0.69704645702517,4.783414096260714
19,163,407.5,412.496,0.0,0.0,0.0,0.0,0.0,-2.9454550178204552e-05,0.12814818437803654,-0.1485720571631708,0.7825489128075949,3.6937624262566073,16.380315673123032,77.9896013864818,769.3333333333334,132.05251480629465,127.12198865656563,344.0,20.0,0.38261639924053925,0.0023001980457524503,0.3783736934474444,0.3869148798946571,0.14762869804478587,-0.963139535370884,0.38388568963283654,5.19403677357444e-06,-1.2648619552165976e-08,1,0.2,0.00303314306451824,0.00303314306451824,0.0008661519986525868,0.0024351046757995617,4.934567867229608e-06,7.223111765871158,0.025687157867713178,7.184484139589467,7.277027681750331,0.5405393862943821,-0.8829992421745798,7.266461633987167,6.773307446566051e-05,-1.6756333969525255e-07,0,0.0,0.0,0.0,0.0016877186651158174,0.002218767873193251,1.5233670504217442e-05,1.9392570823511428,49.63297154018221,-95.68081531563564,62.38304212383507,-0.5917847608615215,-1.0423694425377665,-0.009286519890821887,3.6211883409311247,74.3801652892562,806.6666666666666,39.73243846867024,0.04925508901074823,60.50448104862762,2.584729880039188,0.0,32.29804,0.00946388426619463,32.28999999999999,32.31000000000001,3.4800662275538253e-07,0.020000000000017337,0.0,-0.30546181340067646,3.609436097225597
19,164,410.0,414.996,0.0,0.0,0.0,0.0,0.0,0.00047079473749329725,0.11825363405482628,-0.132866553437857,0.7565786248896549,3.6600182323229533,16.699171292623923,76.53061224489795,784.0,112.0,131.5993920958604,296.0,20.0,0.3834148657335714,0.0023112611603997315,0.3797323681195623,0.3869148798946571,-0.34300928176573087,-1.3990940616594714,0.3832633513080159,8.579236770441519e-08,-2.1838615740114887e-10,2,0.4,0.0031622913198186275,0.0036514144844602137,0.0011264824500716057,0.005664993873386784,1.2762951850060764e-05,7.183511339488327,0.020562851694425916,7.145328473662591,7.215405967353472,-0.17896417811819346,-1.3037928254226445,7.206136000393043,1.948372394213547e-05,-4.82035970719732e-08,0,0.0,0.0,0.0,0.0018524834869691517,0.0032770650495922847,1.9316809549074145e-05,0.7699778940430926,47.732830880198875,-95.68081531563564,67.6183854444266,-0.5509633328247658,-1.0277030141329153,0.0005823368128780223,3.9120419434076483,72.81553398058253,824.0,22.44994432064365,0.027245078059033555,61.27743838502412,3.887351574271915,0.0,32.29818307692308,0.009303069272982432,32.28999999999999,32.31000000000001,-7.364691088782301e-06,0.020000000000017337,-0.013461538461541522,0.1452246046066521,3.715078264315423
19,165,412.5,417.496,0.0,0.0,0.0,0.0,0.0,0.0013477361684197905,0.11184398871026657,-0.1872196032306241,0.7215777193385857,3.5907864867887445,16.93168978054196,77.38607050730869,775.3333333333334,131.99797978252042,142.36853584974455,348.0,20.0,0.381775672674831,0.0024732569597969286,0.378110606298813,0.3859364195928769,0.1353674067724458,-1.4488076932727296,0.38011000844787757,1.4629862723044012e-06,3.34397564978701e-09,3,0.6,0.003324215980303987,0.005826312377795573,0.0020820487199340724,0.010097081588568996,4.204984842907775e-05,7.1468974167084145,0.021085348853450543,7.112674912322891,7.18442099934428,0.07171963709279715,-1.2252300791370803,7.174628316906403,7.324162777527324e-05,-1.8306980067949544e-07,0,0.0,0.0,0.0,0.0019056915047855716,0.00299824636167504,1.996475965535978e-05,-0.1786487971705852,47.39113251939713,-99.5076621601099,67.6183854444266,-0.5527996163381721,-1.024794131781485,-0.0011343618447487431,4.047599109713976,72.25433526011561,830.4,23.082460874005616,0.027796797776981717,59.5639012173753,4.371364811016512,0.0,32.298024000000005,0.009121707032293253,32.28999999999999,32.31,-7.128467922189993e-06,0.020000000000010232,0.0,0.35281660025891337,5.1317352471930775
19,166,415.0,419.996,0.0,0.0,0.0,0.0,0.0,-0.0006848049613866975,0.1156670359258379,-0.1872196032306241,0.7663197643091724,3.8127633543442205,18.635983733335074,75.18796992481202,798.0,116.66704761842566,111.82844003204194,344.0,60.0,0.381834214358389,0.0022272501513893954,0.378110606298813,0.3855915528427394,-0.2385555544181912,-1.2381778038093934,0.3832963081312676,5.344477592378483e-06,-1.2799612645630204e-08,2,0.4,0.0014718043834289485,0.0022990024872384662,0.0005984694801377663,0.001401834076582608,2.1828806961887195e-06,7.111784045852293,0.01934423974194004,7.0814239836855615,7.14525826323132,-0.003429715605150133,-1.27580606363314,7.135849970386047,5.0976522946626115e-05,-1.2431593130855632e-07,0,0.0,0.0,0.0,0.0017671966609258012,0.002846776680049484,1.7244422531011433e-05,0.33027906409629704,46.074625242821206,-99.5076621601099,60.6422039728679,-0.5863161226758679,-0.9971134204509768,0.0058642993385878755,3.9826425239260796,72.81553398058253,824.0,24.166091947189145,0.029327781489307213,56.29066853665582,2.7819266027241363,0.0,32.29395292307692,0.00759634392167033,32.28999999999999,32.31,-1.4859567713193509e-05,0.020000000000010232,-0.006923076923079918,-0.2470970235500212,2.372435944229494
19,167,417.5,422.496,0.0,0.0,0.0,0.0,0.0,0.0005751417917373029,0.11975904295914092,-0.1730650344605202,0.7663197643091724,3.850632032100993,18.265781839140004,67.62849413886384,887.2,55.52657021642882,58.44655678480983,140.0,75.0,0.38105563797734204,0.0024276582683909653,0.3765752184505733,0.3855915528427394,0.060354333476007695,-0.8626785590057406,0.378250055441966,5.477280941688188e-06,1.2986152192987732e-08,3,0.6,0.004762102682574321,0.007347244263494979,0.0022180728164851123,0.01471798410696823,6.794314820248762e-05,7.0817168227632905,0.016371092118002077,7.052898716238479,7.112636296303972,0.10293809748618943,-0.8767906946738568,7.102822156420813,3.50505869714486e-05,-8.716494283436396e-08,0,0.0,0.0,0.0,0.002168212645912285,0.0037546247194484594,2.6335633558482147e-05,-1.499611468858037,45.25098446871032,-90.2283400115904,56.67904070574549,-0.4597208905367799,-1.1864197102911058,-0.009421897498474928,3.6897361797501445,74.55268389662028,804.8,118.63894807355635,0.14741419989258991,51.79253383582958,6.343007582992034,0.0,32.297847999999995,0.013010235915874217,32.28999999999999,32.330000000000005,2.8456169251947486e-05,0.04000000000001336,0.04000000000000625,0.526882272689806,6.924189757756437
19,168,420.0,424.996,0.0,0.0,0.0,0.0,0.0,-0.000496893770116922,0.11319072667662987,-0.1797125619890095,0.7510556307535772,3.90613840992374,19.57924565238563,72.8862973760933,823.2,87.6994868856141,112.40996397117117,208.0,75.0,0.38111608210043657,0.00225285914505725,0.3765752184505733,0.384101438031793,-0.3646128298484484,-0.9994620097390854,0.3817526721448785,5.440208856546092e-06,-1.3159239889946023e-08,2,0.4,0.0021750119596391226,0.002352781959178818,0.0008719650801246774,0.0033535275068631494,6.048583164601364e-06,7.052090084406368,0.018861007802742327,7.018609206508117,7.081391435603503,-0.08959450677800328,-1.2389661183106273,7.0719620130251135,6.917855819577286e-05,-1.7325582093865257e-07,0,0.0,0.0,0.0,0.002453378068643679,0.005332424984248751,3.5797695726571795e-05,-3.213288443466432,44.6784495763762,-95.0684303424274,56.291626245924775,-0.4341901501382272,-1.1624419535498902,-0.0086098356257372,3.8693145142172733,67.49156355455568,889.0,56.79201821852551,0.06388303511645164,51.623153249605615,5.527890332750847,0.0,32.302008,0.015440326432026124,32.28999999999999,32.330000000000005,-7.088839096845511e-06,0.04000000000001336,7.105427357601002e-15,-0.8129978365198401,5.3947338215376135
19,169,422.5,427.496,0.0,0.0,0.0,0.0,0.0,-0.0019314829053861812,0.11246791643232892,-0.1797125619890095,0.7510556307535772,3.8830944393086564,19.68740609957259,70.82152974504248,847.2,132.94811017836997,135.4252561378416,324.0,75.0,0.38183192674835864,0.001710629862306715,0.3786714612690485,0.384101438031793,-0.398610981942591,-1.177517622068537,0.380726876914897,1.1049661558747281e-06,1.9331157388072023e-09,3,0.6,0.0030103950876807692,0.003374680145653286,0.001239023274942646,0.007246979867374839,1.817833531181361e-05,7.019902270541256,0.01832173945919994,6.99187458392882,7.052853294600121,0.17705680884619873,-1.2140754280946555,7.043244905172757,4.9977835104572625e-05,-1.24313317853587e-07,0,0.0,0.0,0.0,0.002101228035625759,0.0038626273320688416,2.5071454189395825e-05,2.843175591066718,45.25918149561369,-101.38910857793054,63.821928206380186,-0.6201419577271058,-0.8398283594379383,-0.0032239862603431497,4.185837032595656,68.18181818181819,880.0,43.174066289845804,0.04906143896573387,54.8820171111086,7.6736268458597925,0.0,32.290192000000005,0.014985802484256898,32.27,32.33,-2.9410118022463474e-05,0.05999999999999517,-0.03999999999999915,0.46116562236450664,2.639711563224296
19,170,425.0,429.996,0.0,0.0,0.0,0.0,0.0,0.0007261930414029057,0.11930430759765155,-0.1342896006655998,0.7425874838927957,3.661407033993007,16.88529302903265,67.68953068592057,886.4,36.61693597230658,44.94441010848846,100.0,50.0,0.38042622882984567,0.0013679916521550078,0.3775069532544049,0.3833654240981177,0.14579444349859125,-0.5336112765270187,0.3806168475565205,3.23772305585815e-06,-7.883397710080304e-09,3,0.6,0.0016762917746404964,0.002748926570024235,0.0007416272786854489,0.0024023425016018434,3.902289024976325e-06,6.991465853385857,0.014713170119801163,6.965090232078346,7.018539838741899,-0.0032144543207520406,-1.0564261150797005,7.009544146443061,3.921301743690832e-05,-9.680021614554968e-08,0,0.0,0.0,0.0,0.0016662044391990629,0.002947086114471411,1.562815647451029e-05,4.064824276479802,48.51221098362452,-101.38910857793054,63.821928206380186,-0.6620548803033374,-0.9551924605218503,-0.0035837469406274853,3.8262133170940156,66.43046944198406,903.2,28.199290771223307,0.03122153539772288,57.92058697476738,3.81012030764283,0.0,32.28994411940299,0.012136227788148744,32.27,32.31,1.4899312852595888e-05,0.03999999999999915,-0.008656716417910104,0.079131333163004,1.2590612439365145
19,171,427.5,432.496,0.0,0.0,0.0,0.0,0.0,-0.0006385092464998817,0.12204924541418606,-0.1568137742080301,0.8352929282047469,3.7540617877261546,17.73313271434243,74.55268389662028,804.8,67.25473960993381,66.3023378170031,172.0,75.0,0.3797644535792356,0.0014658381977092517,0.3774622266521853,0.3818861860146001,-0.06904668227515076,-1.4628391243603107,0.38031554573810056,2.528925221459876e-06,-6.354400436688489e-09,3,0.6,0.00148146647887983,0.0015727757164308298,0.0005546371798294738,0.0019791811183879535,2.3234834866840417e-06,6.966176413081797,0.01436288695962068,6.946979487217948,6.991829645459496,0.2210487093292693,-1.399977247234213,6.982676581513698,1.9544243511040936e-05,-4.832081823079981e-08,0,0.0,0.0,0.0,0.0019356685642311717,0.003979053194294002,2.1914680576545658e-05,-0.6934529549155147,45.330954631071386,-96.6071471940471,57.25399420730518,-0.5572469272081346,-1.0560648264783563,0.007876922707028984,3.887970833076925,70.6880301602262,848.8,60.22624012836929,0.07095457131051991,53.39539403090442,4.726593783924772,0.0,32.289944,0.012190126204603744,32.27,32.31,-1.5465635497985664e-05,0.03999999999999915,0.0,0.32833430010943465,3.864653736394075
19,172,430.0,434.996,1.6676,10.000000000000002,0.0,10.000000000000002,8.333333333333334,0.0006666258558730075,0.1254413741567279,-0.1568137742080301,0.8352929282047469,3.832013622060979,18.240143207496082,67.99637352674524,882.4,110.29415215685734,75.92101158440923,252.0,75.0,0.37718304738095654,0.0028095342338208115,0.3738416624453003,0.3818861860146001,0.14603561594196904,-1.41212481381807,0.37719798274914157,6.960860116394065e-07,-1.8642520218449436e-09,2,0.4,0.0030474003031848995,0.0046883220433736605,0.001564448322938611,0.0062248511512010074,1.9978966539940288e-05,7.082277623630652,0.16623661455798625,6.946979487217948,7.383944181277782,0.7903474195786351,-1.1025702271929931,6.957462279379341,2.0597550306768263e-05,-5.1835358318454334e-08,0,0.0,0.0,0.0,0.16432726281145738,0.6354273637493373,0.21588360250136326,0.08964356798997088,44.86358974491717,-99.30926934013448,60.41752861661014,-0.5784596305172583,-0.8948358951191824,0.016116884589503142,4.12464855442574,73.89162561576354,812.0,83.95236744726142,0.10338961508283427,54.19931412255527,5.755604053247078,0.0,32.286031880597015,0.007639320720130012,32.27,32.290000000000006,1.4939113312677494e-05,0.020000000000003126,0.008955223880597885,-0.8377926204502797,5.8952520890183
19,173,432.5,437.496,4.398,10.000000000000002,0.0,10.000000000000002,9.0,0.00019869136522039703,0.11850917209627078,-0.137916628223957,0.7988532274241693,4.073243390460627,20.888102344863437,64.76683937823834,926.4,69.71943774873691,60.56401571890688,172.0,25.0,0.37458397856185427,0.0015961536481628063,0.3738416624453003,0.3816082250177104,3.2059499601545838,9.170990092332653,0.38078209323956763,1.1772399739340136e-05,-2.8309536831597765e-08,0,0.0,0.0,0.0,7.811139268862607e-05,5.290517107254234e-05,3.107634191609612e-08,7.277222145344413,0.1266913899432441,6.958307434098461,7.385526753869093,-1.3150226425769727,0.4166708824167076,6.969678958624441,0.00039284338149650505,9.451141176404649e-07,1,0.2,0.4156128182198957,0.4156128182198957,0.12597851584313924,1.537814022366958,0.5526310495730511,-0.45040422532400337,35.86578990633365,-99.30926934013448,60.41752861661014,-0.6722074322993516,0.35263732590383334,0.0022624398916402783,6.362810581605885,61.47540983606557,976.0,176.77103835187484,0.18111786716380618,46.003719965630445,23.34982184012773,0.0,32.29,2.5825631905945378e-15,32.28999999999999,32.290000000000006,2.1748142378863617e-17,1.4210854715202004e-14,-7.105427357601002e-15,-0.7415670918400185,3.2914295421727715
19,174,435.0,439.996,2.7304,10.0,0.0,10.0,9.0,-0.001358214542255141,0.11276052093695807,-0.1475282232250719,0.7988532274241693,4.024045796139075,20.901131940729382,70.35647279549718,852.8,115.53008266248233,139.32695360195027,276.0,50.0,0.3752524488309335,0.0015490193869316007,0.3740424537407422,0.3797975323473572,1.327149182996383,0.9158997154866286,0.3736511156418963,1.1209522358802326e-06,-2.8225311620850704e-09,2,0.4,0.0021206266333378687,0.0038137117600439696,0.001549698142343742,0.007993524457471889,2.481955531614971e-05,7.2758241707460085,0.07559535593958147,7.1604072840056,7.385526753869093,0.07863483334242834,-1.4412431008004478,7.370253570248815,9.681321000694822e-05,-2.3263763928963176e-07,1,0.2,0.015043071990030299,0.015043071990030299,0.0045415304775287026,0.009387662452200572,0.00012077188470360069,-2.158956446724918,14.353186379525193,-69.54441583410849,22.65396931238352,-2.580837056256184,7.417408153534103,0.005360546289176413,13.68998477461604,31.023784901758013,1934.0,14.142135623730951,0.007312376227368641,11.341499945999997,11.29094550196935,0.0,32.285984,0.007584158120269659,32.27,32.290000000000006,-8.00631296401068e-06,0.020000000000003126,0.0,-0.7887238443564082,39.33268789373917
19,175,437.5,442.496,0.0,0.0,0.0,0.0,0.0,0.0002223767643341735,0.12143970455395134,-0.1597591966072896,0.7632881901400104,3.673311322655572,17.000071362663324,68.68131868131869,873.6,38.429155598321444,54.29548784199291,96.0,25.0,0.37722333407345465,0.002566079493513539,0.3728824958112099,0.3818723775988573,0.26359429666059303,-1.1053586798380504,0.3741253566199032,2.955176766382336e-06,7.123668853133344e-09,2,0.4,0.0055428083871053024,0.007744971387060928,0.002455877479651294,0.01586558813152656,8.048921344853621e-05,7.16784910582184,0.047772151930403274,7.099156010898304,7.268132428553062,0.3745421208307153,-1.0080518578394513,7.256798552515169,0.000123729394748418,-2.985664657751984e-07,0,0.0,0.0,0.0,0.0011812614359952144,0.0009549147763413508,7.162164704672303e-06,0.48567131819612014,31.336779631361622,-86.16161135158383,51.867486435885866,-0.7681033064086796,0.4016649536499375,0.0019086017007911246,6.3850077519277635,78.125,768.0,119.46547618454463,0.15555400544862583,43.3329201779859,13.86592511640589,0.0,32.279704,0.01683779913768524,32.25,32.31,-4.663247784468094e-06,0.060000000000002274,0.020000000000003126,-0.16866057739372606,9.443681318681314
19,176,440.0,444.996,0.0,0.0,0.0,0.0,0.0,0.002005380738469666,0.11968507691838484,-0.1597591966072896,0.7561023846271904,3.633111128903735,16.904997715803177,65.67425569176882,913.6,50.64385451365249,64.89992295835181,112.0,50.0,0.3779684912156204,0.002534935809541536,0.3728824958112099,0.3818723775988573,-0.34568369448125186,-1.008291356739798,0.3791864189412696,4.71819249599044e-06,-1.1647321404965532e-08,2,0.4,0.0020737495589081834,0.002679013561190935,0.0007920483635234616,0.0025143884842665884,4.399833537506464e-06,7.100584920858289,0.031288910894564655,7.050717933932117,7.160277240727254,0.18992545933632202,-1.12552778623178,7.150059267563016,8.715915141406713e-05,-2.1178328191711987e-07,0,0.0,0.0,0.0,0.0014268702909510697,0.0016033508639378769,1.069866467051084e-05,1.7034082681063671,43.84257099418997,-88.77667221072855,51.867486435885866,-0.6745742957445786,-1.0067593193869893,0.00475209269473829,3.6043716473671874,68.43065693430657,876.8,49.103971326156504,0.05600361693220404,48.88041719806568,3.179574311351288,0.0,32.278024,0.01894473906650816,32.25,32.31,-7.524879055893141e-06,0.060000000000002274,-0.020000000000003126,0.20537257544640847,2.7564012425377484
19,177,442.5,447.496,0.0,0.0,0.0,0.0,0.0,0.00048590057895890284,0.11821493724377832,-0.1594452898936672,0.776461425887718,3.645408523068348,17.22471402041416,66.90454950936665,896.8,51.0215640685387,62.76941930590086,128.0,25.0,0.3772351959099531,0.002185168145807911,0.3739527106483865,0.3806511278651042,0.08560855703196592,-1.4735900280251522,0.374251306128636,4.704982712270487e-06,1.1246248568245737e-08,4,0.8,0.003940111672938951,0.006398308803909458,0.0021628508952189394,0.014993080854749818,6.834230073828942e-05,7.052411732354238,0.024895531190305006,7.012844899658823,7.099084311050597,0.15854911486904222,-1.1763923932011189,7.088993307470689,6.604961173197014e-05,-1.6115489383360292e-07,0,0.0,0.0,0.0,0.0016809989345217392,0.0021782816977897355,1.5083802216141027e-05,-0.24711354218756096,41.34133467366541,-88.77667221072855,51.06724115614894,-0.5899853724616793,-1.0610213941126843,0.004208190029378182,3.8284111385372697,65.84723441615452,911.2,56.09991087336949,0.06156706636673561,44.57506070839608,4.383883998763156,0.0,32.28024800000001,0.01300350987292192,32.27,32.31,1.6364247273205138e-06,0.03999999999999915,-0.01999999999999602,0.2590081159759975,1.0573150932121251
19,178,445.0,449.996,0.0,0.0,0.0,0.0,0.0,4.53564349703754e-05,0.11842711883569172,-0.169700553009991,0.776461425887718,3.564214149182935,16.675157265036326,68.11989100817439,880.8,48.69496893930624,48.08326112068523,116.0,25.0,0.3773759871807825,0.002100624120632099,0.3739527106483865,0.3806265006924728,-0.25623099774305824,-1.419087580292151,0.37765242320481063,1.61357003338729e-06,-3.771747498676959e-09,4,0.8,0.0016348046038075076,0.002971458128948279,0.0009165412243458466,0.003910214680227316,7.26021461108077e-06,7.012017263028766,0.022280277459735525,6.973400816451358,7.050653535903391,-0.05086168367174373,-1.1342431731602554,7.040981291331503,5.6582240247274855e-05,-1.3431805894638935e-07,0,0.0,0.0,0.0,0.0018753781958556572,0.0029757161256634993,1.9364823669331616e-05,-3.2416949573586455,40.58441270276167,-84.79120602946735,51.43750981911792,-0.3951358552928433,-1.234895952002916,-0.0037915340900677515,3.806919943050424,68.02721088435374,882.0,35.85154575933001,0.04064801106500001,44.87308958230044,4.891484833697989,0.0,32.281952000000004,0.009283382125171342,32.27,32.290000000000006,7.916037066307475e-06,0.020000000000003126,0.01999999999999602,-0.2441835589984015,0.09268012382065649
19,179,447.5,452.496,0.0,0.0,0.0,0.0,0.0,-0.0008181342985472984,0.11326451635008578,-0.169700553009991,0.7779503668139309,3.7028458623625995,18.564111256258478,72.81553398058253,824.0,97.6933979345585,100.89598604503551,260.0,75.0,0.3767561296868731,0.0019206266821577952,0.3739497483545588,0.3798311616673592,0.12081867951482946,-1.5139513991416436,0.3745501967171187,3.923718151314505e-06,9.488745319526053e-09,4,0.8,0.0035007456843693524,0.005281214609301754,0.0018587037684865656,0.011266220848058315,4.2660855807635175e-05,6.97396311570807,0.022297168375173277,6.937642084035009,7.012788734096086,0.08824221465670276,-1.173084808124045,7.003115062463001,7.484913764578691e-05,-1.857559983516776e-07,0,0.0,0.0,0.0,0.0020274634430268563,0.003598135811131332,2.3153242381890786e-05,-2.322750828497607,42.67118130256756,-84.79120602946735,51.90912985324336,-0.43811212396156146,-1.240441022328439,-0.009381659376305208,3.6156811825802224,71.77033492822966,836.0,107.07007051459338,0.12807424702702558,47.253597090080596,5.5462201249454885,0.0,32.27770400000001,0.01296506488981229,32.24999999999999,32.290000000000006,-1.8074871087894172e-05,0.04000000000001336,-0.03999999999999915,0.533615796286718,1.0451990523528707
19,180,450.0,454.996,0.0,0.0,0.0,0.0,0.0,-0.0013196571893934893,0.11764370306973147,-0.1634101848002645,0.7779503668139309,3.7985878558884503,18.83110720875205,70.0280112044818,856.8,144.8972049419864,163.87800340497196,336.0,25.0,0.37695880365560946,0.002092950534719622,0.3739497483545588,0.3803079617096061,0.26456601879519676,-1.3374668816874287,0.37813818851538145,5.980682432296401e-06,-1.4573611446288548e-08,1,0.2,0.0021744057603020894,0.0021744057603020894,0.0007736787539850517,0.0023604842246231317,4.105999353073959e-06,6.938073710546471,0.01962402181025056,6.904634679065178,6.973337517929859,0.09580715756338815,-1.13815392341152,6.963891131530659,2.5008919528713448e-05,-5.547493024827497e-08,0,0.0,0.0,0.0,0.0018617490617114242,0.00321245487516374,1.9404792126017854e-05,3.311041985426591,41.88713101353599,-88.3552445929617,51.90912985324336,-0.6651754290615063,-0.9446098708440074,-0.0034595067064229004,3.7556214753972195,68.30601092896175,878.4,46.87003307018249,0.05335841651887806,49.726628059895496,3.2382997628975674,0.0,32.278,0.015373811817756074,32.24999999999999,32.290000000000006,8.5250921760806e-06,0.04000000000001336,0.0,-0.7211951968320139,1.7220002755200454
19,181,452.5,457.496,0.0,0.0,0.0,0.0,0.0,0.0020300772464365863,0.12051218090422944,-0.1494271430370982,0.7562571838352627,3.574690909665226,16.626252696412898,67.02412868632707,895.2,23.562682360037023,25.37715508089904,60.0,0.0,0.37554567444766584,0.003421128328707144,0.3703702016460425,0.3803079617096061,-0.03933142439446958,-1.4870642768209534,0.37549447115325063,1.5078364904612378e-06,3.4753498198081814e-09,2,0.4,0.0031793745338691837,0.004813253304555676,0.0018369311852963683,0.007918731957801569,2.9403128421618987e-05,6.904991475500008,0.018730893097869045,6.872338581250416,6.9375888681974,0.019454517145658275,-1.2097746933049305,6.928292348225585,6.988741528180585e-05,-1.7426736113928186e-07,0,0.0,0.0,0.0,0.0018374278087515687,0.003108472153280994,1.8822435179363604e-05,3.423450880175289,43.224693640125196,-88.3552445929617,53.66589877940434,-0.6734034306560696,-0.9697392457836638,-0.0033353670612531958,3.6749155148138763,65.73181419807187,912.8,24.396721091163048,0.02672734563010851,50.918252981544526,1.8034482194878818,0.0,32.284088,0.011843055449075827,32.24999999999999,32.290000000000006,6.622345358298963e-06,0.04000000000001336,0.020000000000003126,0.708599373023557,1.292314488255201
19,182,455.0,459.996,0.0,0.0,0.0,0.0,0.0,-0.00026071620807463595,0.12210623405969603,-0.1494519252699715,0.7974769981888021,3.619614315518165,16.872758234039328,68.43065693430657,876.8,20.27806696901852,25.69046515733026,48.0,0.0,0.37445557030084836,0.002404621805904509,0.3703702016460425,0.378367461327833,-0.18298390160142913,-1.2169282602689149,0.37691323601538174,8.780785008583156e-06,-2.105881117033574e-08,1,0.2,0.001460757829956083,0.001460757829956083,0.00036878248032777707,0.0006766378049164972,7.712530388800279e-07,6.871283014716314,0.02010967987137469,6.835796537074559,6.904593638328761,-0.11351778797717474,-1.2227623963671277,6.895188591150803,4.315014667924256e-05,-1.072288068004196e-07,0,0.0,0.0,0.0,0.001951488783656094,0.003269732611254879,2.1188901981185316e-05,-1.2416930241378445,45.32704273346824,-90.1329219618084,54.47008998633255,-0.49601942135716254,-1.2191770086977956,0.00750959069709875,3.5939342114081403,67.68953068592057,886.4,7.26636084983398,0.008197609261996818,51.99786459329951,2.229056104886271,0.0,32.286048,0.0075402632145264445,32.27,32.290000000000006,4.578102130148779e-07,0.020000000000003126,0.0,-0.7686825768840606,0.7411262483859957
19,183,457.5,462.496,0.0,0.0,0.0,0.0,0.0,-0.0011504427672446378,0.11638790314472582,-0.1494519252699715,0.7974769981888021,3.775616669603191,18.839252267799075,67.99637352674524,882.4,56.68156666853872,78.40918313565064,140.0,50.0,0.3755718681159196,0.002263467789673439,0.3711932022208996,0.3795262646181903,-0.06100640733748211,-0.8514956170436263,0.3740350693517111,1.400408805280464e-06,3.4019679139723355e-09,2,0.4,0.0034401726563650092,0.004332059744332373,0.0017797842095228994,0.009517943939316705,3.399052443718546e-05,6.835591997287053,0.02121145939387249,6.800132912515061,6.872297879141214,0.026699242762578387,-1.1915357633003751,6.862683397061201,4.8757926746107664e-05,-1.2152147927619464e-07,0,0.0,0.0,0.0,0.002051076245403098,0.0034353311016566117,2.340417353484058e-05,-2.664291072434371,45.62937804294022,-90.41013528031976,54.47008998633255,-0.44968833435304634,-1.2261930869876856,0.0002474576878851796,3.6029851733742984,67.87330316742081,884.0,28.0,0.03167420814479638,52.688843534153314,0.9653451675000889,0.0,32.281984,0.009461699207349671,32.27,32.290000000000006,-1.3066739882686849e-05,0.020000000000003126,0.0,0.04692549213000615,0.12307035932443
19,184,460.0,464.996,0.0,0.0,0.0,0.0,0.0,-0.000491237210081196,0.11203945633806539,-0.1537999245894424,0.7467784569024443,3.642128316761725,18.243905805782,69.57328385899815,862.4,128.42429676661655,165.33602148352307,316.0,50.0,0.3764553820174097,0.002817181572058512,0.3711932022208996,0.3798405090768332,-0.3963602440320853,-1.3674511977785786,0.3751398250964242,5.237256210116424e-07,-1.0264260805925085e-09,2,0.4,0.004154598228995304,0.004700971493320938,0.0018486813607802312,0.010392596593823626,3.867565616977734e-05,6.800465200465615,0.019685785062997,6.765682667180661,6.835742939384031,0.06900795376377174,-1.105664947356506,6.826332783863239,5.235842491697207e-05,-1.302089936176632e-07,0,0.0,0.0,0.0,0.0019127545818015095,0.0031694977931090696,2.0311226510919493e-05,-0.23470482961967537,45.84276051328886,-95.01511065498327,54.33277982083177,-0.5472905598604896,-1.0840993857573695,-0.0010889119140328884,3.700384075639569,69.44444444444444,864.0,138.36184445142382,0.16014102367062943,49.88345163727439,6.265886054210906,0.0,32.277744,0.009214169928810297,32.27,32.290000000000006,-7.324041807386375e-06,0.020000000000003126,-0.020000000000003126,-0.5907491478860327,0.12883941455370973
19,185,462.5,467.496,0.0,0.0,0.0,0.0,0.0,0.00020748662926602305,0.11809156122265604,-0.1540024458932851,0.7573403776439194,3.472694402731446,16.07574544226449,67.26457399103138,892.0,37.841775856849004,52.421369688324624,92.0,25.0,0.3762073256548381,0.0025445067396333617,0.3729263403973367,0.3798405090768332,-0.01449915491642811,-1.6783683787933128,0.37886958657637426,3.9081794872113795e-06,-9.569737494610481e-09,1,0.2,0.0009628570612272291,0.0009628570612272291,0.00027932173988788253,0.0005909265575431801,4.5993682417562174e-07,6.7651451564595835,0.021195307781368477,6.72763694191897,6.800073128274626,-0.1007768609141778,-1.2267966842426157,6.790982201274131,6.554098426840635e-05,-1.6060564727287573e-07,0,0.0,0.0,0.0,0.0017324804457477252,0.002910112560521581,1.6709988677450525e-05,3.3918262860293464,49.5466840287275,-100.2001574275246,66.1350126185384,-0.6510956986026346,-0.9435532199397874,0.003062855667124566,3.800515939169741,68.43065693430657,876.8,73.28847112609186,0.08358630374782375,55.3563633907948,6.746254406306718,0.0,32.274024000000004,0.007593984567821699,32.27,32.290000000000006,-1.2125427280263081e-05,0.020000000000003126,0.0,0.6536081615283915,1.1660829432751854
19,186,465.0,469.996,0.0,0.0,0.0,0.0,0.0,0.0005754575064818842,0.1226298733504725,-0.1540024458932851,0.7869786880741843,3.6280290893552776,16.968963947287957,65.27415143603133,919.2,54.21438923385562,61.57921727336261,140.0,75.0,0.37605470554850656,0.0026142935954791943,0.3726392469127362,0.3797332491406043,0.1282062668614425,-1.7314822452883492,0.3733779869956333,9.096033308761978e-08,-2.4670675728007615e-10,3,0.6,0.0022471777157507997,0.006355357200999001,0.0025577582829675377,0.013638278545513749,6.988684812642169e-05,6.727332839854037,0.022422001343383995,6.687562448516288,6.765622381158024,-0.02326016648865384,-1.2009200300708152,6.756344319277033,6.660295258782749e-05,-1.6196921422585376e-07,0,0.0,0.0,0.0,0.0017458057935651663,0.0027357311244884746,1.6743800543867537e-05,1.6201014191003937,52.43839954744012,-102.35111084977484,66.1350126185384,-0.5592431327435422,-1.0916463626254391,0.007216906426442657,3.6326541143488473,66.90454950936665,896.8,37.88403357616504,0.042243570000184034,59.970492914773395,5.368571520333207,0.0,32.266088,0.007490179709448932,32.24999999999999,32.27000000000001,-6.7367467115009784e-06,0.020000000000017337,0.0,-0.5677961571893827,1.6303980733353143
19,187,467.5,472.496,0.0,0.0,0.0,0.0,0.0,0.0020146907269772718,0.12457096833019836,-0.1761928879641682,0.7869786880741843,3.7021855252420646,17.267254095968735,66.3716814159292,904.0,61.90315016216864,84.07139822793481,148.0,75.0,0.37652218449908853,0.002408245964392025,0.3723361084460516,0.3797332491406043,-0.2778595509207628,-1.3150494817356877,0.37801473771226435,1.4251487058770165e-06,-3.3772706168945627e-09,1,0.2,0.001717849022154605,0.001717849022154605,0.000576783182088921,0.00195889583050584,2.4315017547703436e-06,6.6878616900843175,0.02306657085991439,6.648879088913918,6.7275899667534285,0.027729940234136653,-1.2352422751855527,6.718123172591129,7.32465033989582e-05,-1.8264750581745547e-07,0,0.0,0.0,0.0,0.0018650726048806353,0.002931724210786109,1.9119374130352137e-05,-2.877208579575833,52.62172348493423,-109.06717329466632,65.2788626741375,-0.4108443385914801,-1.1674204652605937,0.006332242603286039,3.775856351150395,65.71741511500548,913.0,59.89991652748775,0.06560779466318482,60.35755076450501,4.863450131585369,0.0,32.269984,0.011982691811806214,32.24999999999999,32.290000000000006,2.229136786648256e-05,0.04000000000001336,7.105427357601002e-15,0.46064154187084017,0.6542663009237231
19,188,470.0,474.996,0.0,0.0,0.0,0.0,0.0,-0.000348437830995681,0.11331731854286815,-0.1761928879641682,0.7660289336590657,3.7319757381170366,18.792188320694013,70.95553453169347,845.6,165.08422092980297,159.71224123403942,436.0,100.0,0.3764537391391281,0.002717998596844277,0.3723361084460516,0.380568120183184,-0.021473273313297837,-1.4101523537055043,0.37261216257956986,2.827227691298962e-06,6.6321930841930034e-09,1,0.2,0.007954024331266907,0.007954024331266907,0.002701885698776558,0.019255170308921387,0.00011063508171815831,6.6493206586488,0.021328168368986378,6.61373321709123,6.687490620554322,0.04599036063320991,-1.186476353498914,6.678365352035488,5.749975385697476e-05,-1.4098229229926353e-07,0,0.0,0.0,0.0,0.0016347927125884027,0.0024337308854628934,1.45541686209042e-05,-1.7655250527878408,52.32089378716635,-110.82135062978426,63.27742068205182,-0.4847806396486705,-1.0764691713349877,0.004504731588378193,3.8149822931108477,66.815144766147,898.0,57.82732917920384,0.06439568950913568,58.907230294512566,3.95108510049751,0.0,32.26592000000001,0.014446370660509808,32.25,32.290000000000006,-2.935320406602904e-05,0.04000000000000625,0.0,-0.38610713762252913,4.140389765546473
19,189,472.5,477.496,0.0,0.0,0.0,0.0,0.0,-0.0012724453473224428,0.11536252470891407,-0.1695506019119599,0.7829492588293756,3.794113708198553,19.189748743293098,66.7853962600178,898.4,97.75888706404139,92.82241108697835,252.0,50.0,0.3763352104117436,0.0028417560615636383,0.3716780061182748,0.380568120183184,-0.0354717437351619,-1.424073618787953,0.3780487651237124,1.488980366796336e-06,-3.707088634596234e-09,2,0.4,0.0014144493869786001,0.002517615261518169,0.0008307912054771871,0.0025976699573459494,4.799252545402078e-06,6.612796991384805,0.020845612098688727,6.576799618527283,6.648819440268223,0.0175710699816816,-1.2236138041110038,6.639741140353383,3.7376925152020675e-05,-9.304707955603848e-08,0,0.0,0.0,0.0,0.0017705875630672839,0.0028990220147533242,1.7364110679721137e-05,2.851916543861837,51.49509518033576,-110.82135062978426,60.99151111297126,-0.6415562581892155,-0.9587609106047594,0.005820662996846164,3.767058523676126,67.87330316742081,884.0,144.1665703275208,0.16308435557411854,54.272608548575214,9.303001910355,0.0,32.259376,0.009465984122314926,32.24999999999999,32.27000000000001,6.378049521998932e-06,0.020000000000017337,-0.020000000000003126,0.5166544494670801,1.0879069074030099
19,190,475.0,479.996,0.0,0.0,0.0,0.0,0.0,0.0025773704761704822,0.12400989238565267,-0.1547495584731981,0.7829492588293756,3.7097138139102865,17.28863476455882,64.37768240343348,932.0,30.331501776206203,28.982753492378876,76.0,25.0,0.3750576770503,0.001959644556496269,0.3716780061182748,0.3783588272294327,0.08209772948107082,-1.2897514507142578,0.37275453656988894,2.374956356158296e-06,5.769373217716064e-09,4,0.8,0.003461299945970303,0.0056032373036640215,0.0018596372814529327,0.011857031143701097,4.5403999598846376e-05,6.576486173572927,0.021128894696108957,6.538154548877803,6.613672277122368,-0.04955761877403536,-1.1605494097251667,6.604613115724432,5.868641192731738e-05,-1.4671225917821542e-07,0,0.0,0.0,0.0,0.0016043835436927736,0.0022824299139739762,1.3918150596201692e-05,-0.44848401977387875,51.02433459704286,-104.41179772852922,60.47873708852491,-0.5044281630016179,-1.1374289038877716,-0.003778937658072869,3.6607603945987535,64.37768240343348,932.0,47.58150901348127,0.05105312125910008,56.77971157091937,3.1172054429432117,0.0,32.258032,0.009442453154999721,32.24999999999999,32.27000000000001,-1.9161427943259756e-05,0.020000000000017337,0.0,-0.0160199238412588,0.0
19,191,477.5,482.496,0.0,0.0,0.0,0.0,0.0,-0.001815939610760062,0.11602249363931526,-0.1632178664914143,0.7764270124819748,3.864505520131859,19.63076917195119,70.4225352112676,852.0,76.57675887630658,86.23224454924039,184.0,50.0,0.3750630530493001,0.0020708986165534457,0.3717641514043139,0.3780056219326264,-0.09598256799856837,-1.5771092903692616,0.37761075421851353,6.353498492304195e-06,-1.528202874984494e-08,1,0.2,0.00038545455325844635,0.00038545455325844635,7.72474199506002e-05,0.00010665483625804718,3.211922876972119e-08,6.5373863288584655,0.023756253414575206,6.498982749563941,6.576737680415802,-0.007165744941117297,-1.2991386967447858,6.567650650657868,3.879893877163671e-05,-9.121394879136542e-08,0,0.0,0.0,0.0,0.0018555617763237199,0.0031592861963261874,1.9220728882911003e-05,-3.780638802271134,51.16994562802769,-104.60189467274957,61.713498766429005,-0.4163974769486555,-1.219250766242577,0.0012584124266862894,3.6894579976009902,65.86169045005488,911.0,24.52209887699936,0.026917781423709507,58.38710531161438,2.4239497281289326,0.0,32.257992,0.009442505948160596,32.24999999999999,32.27000000000001,1.2721375181705838e-05,0.020000000000017337,0.0,-0.0325534529504247,4.560844761212721
19,192,480.0,484.996,0.0,0.0,0.0,0.0,0.0,-0.0030593630736483147,0.11457756182690468,-0.1632178664914143,0.7764270124819748,3.9347027398124883,20.17997866604506,73.2421875,819.2,156.3432121967564,167.84516674602222,392.0,75.0,0.37481472849967495,0.0022348758610820146,0.3717641514043139,0.3779914580670471,-0.12829644520513292,-1.6895107519194794,0.37295164143464776,2.509933797829938e-07,-6.732574949796225e-10,3,0.6,0.004389302911843751,0.005039785929734919,0.0019126924945638989,0.010681895003185747,4.109898694125035e-05,6.496914046883881,0.0228540919156018,6.457253242353389,6.538071282923285,-0.023036489231584953,-1.1246006040883068,6.529089257426618,6.935628896470947e-05,-1.7306033790448298e-07,0,0.0,0.0,0.0,0.0014692328491436582,0.0019686651181091454,1.1573631897787321e-05,0.4684690399845502,51.80511344112614,-106.13139450586874,62.65886698158481,-0.5558169347564816,-1.0766823432071777,-0.005991344906883144,3.6878131446792937,71.02272727272728,844.8,79.66931655286118,0.09430553569230726,58.95289961731276,4.617735802025252,0.0,32.261248,0.009386984712895048,32.24999999999999,32.27000000000001,-1.6050595872371553e-05,0.020000000000017337,-0.020000000000003126,0.038773133175672735,2.2194602272727195
19,193,482.5,487.496,0.0,0.0,0.0,0.0,0.0,0.0008588362823937644,0.12098309882543777,-0.1519202347422055,0.7743159678763335,3.7521668538729913,17.64901002816633,66.48936170212767,902.4,41.43428532025139,48.620983124572874,100.0,50.0,0.37391353957866763,0.001938333233744174,0.3710275181605644,0.3771379111882089,0.25488214075587035,-1.3598783505163883,0.37620309939668106,4.077507874609637e-06,-9.726743567817585e-09,2,0.4,0.0008059435774984136,0.0009248901955971056,0.00025044492404278066,0.0005435939925697625,3.7276650419119815e-07,6.456077381834533,0.02462986511368669,6.411996569047814,6.498906312373854,-0.03845253385548384,-1.1832164145606496,6.489962328742439,7.173947570028225e-05,-1.783470997995665e-07,0,0.0,0.0,0.0,0.0014227424709125172,0.0018408178425112869,1.0803551295007595e-05,3.0292876547629186,49.90346152330928,-106.13139450586874,62.65886698158481,-0.6518238450439184,-0.9312006647340847,-0.0026261803279987736,3.824827143755367,68.05807622504537,881.6,20.51341024793294,0.023268387304824112,58.61731701736147,3.4177801206510363,0.0,32.256576,0.008834469345020133,32.24999999999999,32.27000000000001,-1.7201163008715851e-06,0.020000000000017337,0.020000000000003126,0.44437016703491466,1.568714522917702
19,194,485.0,489.996,0.0,0.0,0.0,0.0,0.0,0.0028193261092751515,0.12217774647474734,-0.1593713318693032,0.7648692842461082,3.6748503188305133,16.978947179890806,66.72597864768683,899.2,37.67227096950754,56.07138307550475,92.0,50.0,0.37305363803301617,0.0016528450100695717,0.3705273507061894,0.3761309134014809,0.3812390170813927,-1.198516195303272,0.37162852366879867,2.12975449776661e-06,5.26826664288026e-09,4,0.8,0.002311245459358721,0.004501085576857522,0.0015319768100313662,0.007642048877617429,2.340790849888572e-05,6.412021069359505,0.026099365928409616,6.3671994863295724,6.457192400999844,0.011633585480890465,-1.2361947979915109,6.447945561444353,6.739187766814441e-05,-1.6230085641471445e-07,0,0.0,0.0,0.0,0.0016285437840021855,0.002277377346613024,1.4304012503063862e-05,1.4265591286778283,48.983473357076086,-100.99254924144242,58.6936318197009,-0.5905105434054579,-1.073286298322144,0.004979166993795683,3.6735774526371134,67.38544474393531,890.4,30.672463220289302,0.03444795959151988,55.05718801715032,4.255178258973772,0.0,32.270720000000004,0.02098129601147575,32.24999999999999,32.31,3.5132909525084826e-05,0.06000000000000938,0.020000000000003126,0.09094135699856148,0.6594660962484795
19,195,487.5,492.496,0.0,0.0,0.0,0.0,0.0,0.0006296377601540334,0.11935291049589279,-0.1593713318693032,0.7648692842461082,3.7479941560741454,17.49111659562987,66.54835847382431,901.6,39.95997997997497,51.146847410177685,104.0,50.0,0.37448241303238367,0.002510597458545631,0.3705273507061894,0.3802318130625234,0.29359589677466796,-0.6794155466716774,0.37453162414178753,4.077633187034228e-06,-1.008043533429051e-08,4,0.8,0.0026678308928309163,0.0057031516839367025,0.001463190426514781,0.005155592358862712,1.6025874009423832e-05,6.367600562928876,0.0250014248773766,6.324631501653586,6.41192302692593,0.006797041742302573,-1.1939841945633838,6.402866315630008,7.364280452049727e-05,-1.8066712673529789e-07,0,0.0,0.0,0.0,0.0014991697606433387,0.0019681283334457493,1.2017264631254994e-05,-2.403361659030771,51.64658424090271,-106.96376555851826,64.23283990317073,-0.45256946363003503,-1.2072531039736063,0.0016709781504838656,3.7541077817819044,66.07929515418502,908.0,42.708313008125245,0.047035587013353794,56.48931917338286,5.481801749123994,0.0,32.27808,0.015213116546798232,32.27,32.31,-2.5958109413169257e-05,0.03999999999999915,0.0,-0.4105505591649969,0.4690633196392895
19,196,490.0,494.996,0.0,0.0,0.0,0.0,0.0,-0.0022570653494038214,0.11282048455660877,-0.1577791261685603,0.7538352924047165,3.7158616294751585,18.33322775505506,69.06077348066299,868.8,90.57151870207323,109.96363035113019,224.0,50.0,0.373839125909497,0.003028709968142819,0.3687945830042497,0.3802318130625234,0.07984135208579689,-0.7094528632275625,0.3716047885131592,5.583321301333729e-06,1.3253660013046157e-08,4,0.8,0.004912761219029296,0.008633860052435882,0.002490227055142314,0.013225085963028065,6.596323253115212e-05,6.324596925194576,0.02483399412006047,6.281398420115734,6.367137544839241,-0.01181738641816689,-1.1642468874972192,6.3580941527099935,6.318763620040878e-05,-1.5769634970883082e-07,0,0.0,0.0,0.0,0.001732916365267155,0.002662166109010819,1.6439368345582086e-05,-3.33117172817902,53.08789651705445,-108.06250975185527,64.23283990317073,-0.4436637346948266,-1.2011193228211032,-0.0055232102316716235,3.690572941016835,65.359477124183,918.0,27.422618401604176,0.029872133335080802,58.334789817553926,4.626415588197157,0.0,32.27,1.7059850963962255e-15,32.27,32.27000000000001,1.6479731582773698e-17,7.105427357601002e-15,0.0,0.7392997189080165,3.701296356479986
19,197,492.5,497.496,0.0,0.0,0.0,0.0,0.0,-0.0006599679727135441,0.11691011789160953,-0.1520324453429942,0.7727188564835503,3.510082778045185,16.686576346438123,70.2247191011236,854.4,116.74245157610834,144.34680460612904,284.0,75.0,0.3703604235955287,0.002021970260039756,0.3687945830042497,0.3770080750709761,1.3386366929894091,0.9854973503377198,0.3763572245475142,1.0490077114027692e-05,-2.539015600711182e-08,0,0.0,0.0,0.0,5.209697990031639e-05,2.986907107592851e-05,1.3753187922517262e-08,6.2806453317498,0.026134358649455534,6.233248485847846,6.3245598777439325,-0.057535113234326266,-1.1700475267994055,6.315688633190491,3.658650887846806e-05,-8.978100776125118e-08,0,0.0,0.0,0.0,0.001567710323194263,0.002330141537073393,1.3381061915612571e-05,1.1220750565693383,39.733554592456514,-108.06250975185527,61.27097304474278,-0.7204592101961949,0.25194127052602155,-0.005782710744640049,5.988691102432512,71.09004739336493,844.0,128.56126943990557,0.1523237789572341,55.29895967173432,4.207389040089527,0.0,32.27,1.7527330695135452e-15,32.27,32.27000000000001,1.6479731582773698e-17,7.105427357601002e-15,0.0,0.7540564310223234,0.8653282922413297
19,198,495.0,499.996,4.1432,20.000000000000004,0.0,20.000000000000004,12.820000000000027,0.0011442468484097188,0.12049079410401976,-0.1520324453429942,0.7727188564835503,3.454114002632466,15.682838903221711,66.66666666666667,900.0,59.329587896765304,57.96550698475775,152.0,50.0,0.37132615060784985,0.002609111148523116,0.3688736275121168,0.3767269803765755,0.650553856400873,-0.9183354484403323,0.3684809077107549,2.003292683161995e-06,4.991268578180485e-09,5,1.0,0.0034337625281747218,0.008244423429780323,0.002607706192360833,0.01421327101937504,7.445049311938814e-05,6.234032508392788,0.02757999054056701,6.186743989845854,6.281320978449915,0.004930204728470657,-1.2493555567500974,6.272435671163103,7.868223214002856e-05,-1.9373773632232574e-07,0,0.0,0.0,0.0,0.0014402863943800313,0.0019122908118962005,1.1108516754233458e-05,3.036572824241233,14.20949157854866,-65.65404580803279,55.18779083484243,1.7489292315008758,5.263408776085994,-0.005701418233410475,18.016970049751315,12.479201331114808,4808.0,0.0,0.0,44.15497895874854,15.602752186282933,0.0,32.269288,0.0032469029538816276,32.25,32.27000000000001,-3.277508657616638e-06,0.020000000000010232,-0.020000000000003126,-0.9181216185973744,54.18746533555186
19,199,497.5,502.496,30.9636,67.0,0.0,67.0,66.0,0.0010302408544537033,0.11628840981091582,-0.1717987306048856,0.736290034006286,3.458794529228844,15.995619864278996,70.55503292568203,850.4,40.05995506737371,64.09368143584827,92.0,50.0,0.3732809126593266,0.0021169120129824453,0.3691373560931286,0.3767269803765755,-0.20216853425853004,-1.1622974142608278,0.3700620346240651,4.30835470566646e-06,1.0168710262002441e-08,4,0.8,0.004268061241284066,0.006663899754132674,0.0020580924261085604,0.016263797770475,7.40707525581422e-05,6.208102537991255,0.043208838461391195,6.163274805682452,6.387798984783145,1.9800923949034008,4.466449443506209,6.22430730399446,4.1567528474682374e-05,-1.0080206031762184e-07,0,0.0,0.0,0.0,0.02999526321048029,0.04801247673876014,0.004962660241013761,0.8531328405686831,33.90885707316366,-95.0194308130982,58.78114899340131,-0.8105418668366308,0.7329370823386432,0.0043101301006756125,6.803752607418188,77.85467128027682,770.6666666666666,130.98600434143083,0.16996453850531681,50.04870977721413,11.496483980452014,0.0,32.266024,0.007584145566416668,32.25,32.27000000000001,-2.4334249173653676e-06,0.020000000000010232,0.0,-0.7011060837454355,7.299638354594791
19,200,500.0,504.996,64.0712,82.0,20.0,62.0,81.0,0.0004722052235686725,0.12012313075900827,-0.1881606425587567,0.807976499324661,3.5203803916063032,16.32420144891185,71.77033492822966,836.0,47.07440918375928,56.674509261219015,120.0,25.0,0.37309315176412244,0.0023579493995480195,0.3690538627608477,0.3756641195962948,-0.5627967600946938,-1.3873095592540166,0.37387572449986567,3.2885098741436563e-06,-8.192133813988914e-09,3,0.6,0.0014067058511229396,0.0017825908853495998,0.0006231187830982783,0.003091769715800258,3.853281595302561e-06,6.430757584185971,0.24688888875896142,6.163274805682452,6.91315017227104,0.316036141136158,-1.4247901748240905,6.184396104516101,8.941735274552585e-05,2.1488912475063548e-07,0,0.0,0.0,0.0,0.24256847852850916,1.250612902012236,0.6075005059342463,0.2828596377748407,46.769407806815614,-96.79377986829402,71.3064641225626,-0.5243715710872854,-1.030066912700337,0.009606223802374258,4.097860387664366,72.18479307025986,831.2,51.64494166905409,0.06213299045843851,54.74965640019485,10.461507752398292,0.0,32.262688,0.009132584555719222,32.25,32.27000000000001,-1.1187411959821138e-06,0.020000000000010232,0.020000000000003126,0.16927032159011218,0.41445814203019893
19,201,502.5,507.496,61.354,83.00000000000001,0.0,83.00000000000001,82.0,-0.0007849898340327826,0.12223046499612318,-0.1881606425587567,0.807976499324661,3.5576373411344573,16.366267611873518,73.0282375851996,821.6,55.034534612368624,58.65151319446072,128.0,25.0,0.37205472756286984,0.0023422204885736224,0.3686752490191947,0.3755755344273734,0.036918051804630585,-1.6248514907227338,0.36910994729063934,4.76065240080539e-06,1.1164211427637345e-08,4,0.8,0.004534336148117532,0.006467901006027399,0.0023167319785933863,0.014814729702651078,7.072378345480047e-05,6.993682184854167,0.3831347162769762,6.38903003544034,7.609331070720084,0.22897189342426483,-1.3758026198840942,6.393906487796965,0.0005187344328577085,1.2501833286258915e-06,0,0.0,0.0,0.0,0.38270659962352144,2.996474117300337,2.5304211133860703,-0.7185929103437922,45.77335333637239,-96.79377986829402,71.3064641225626,-0.46026074847826026,-1.088629040293362,0.004969479513198833,4.198564165818828,71.42857142857143,840.0,54.47935388750494,0.06485637367560113,52.80888253075974,11.061630079827022,0.0,32.26056,0.01774046123657034,32.22999999999999,32.290000000000006,-4.438244120472043e-06,0.060000000000016485,0.01999999999999602,-0.4691417076629821,1.5996661566281745
19,202,505.0,509.996,24.1032,83.00000000000001,0.0,83.00000000000001,82.0,-0.001828314661248756,0.11797671515174452,-0.1717364878210906,0.7722693888261267,3.555978571029095,16.443678306317796,77.23995880535531,776.8,23.220680437919988,36.38681079732051,60.0,25.0,0.3717048342196866,0.0018919487246854862,0.3683652700539522,0.3745239899209622,-0.1902797411723331,-1.4464419408761062,0.373411368349245,5.4540187592962885e-06,-1.3137651778280247e-08,3,0.6,0.0005077778933960664,0.0011164980173183348,0.00027831547350769205,0.0005840030088190094,4.5540834053080875e-07,7.458765685073682,0.20034601271798047,6.91447319221086,7.622274591914459,-1.3328345960282342,0.4559887999560823,6.928465941303626,0.0006945826523145079,1.670943222316698e-06,1,0.2,0.6933650085873913,0.6933650085873913,0.19953542542268465,2.6505783637930618,1.6052562139810498,0.1800186307434309,41.11686525618983,-87.42662194784964,56.139989371943486,-0.5510713680303777,-1.0067706157524077,0.011654000863937086,4.008878510825846,74.33102081268582,807.2,71.12805353726475,0.08811701379740429,48.38498573749598,5.778900187968926,0.0,32.257184,0.018779953092011137,32.22999999999999,32.290000000000006,-6.943891804069123e-06,0.060000000000016485,-0.020000000000003126,-0.04223459300245218,2.908937992669493
19,203,507.5,512.496,0.0,0.0,0.0,0.0,0.0,-0.00047897730346116966,0.11785779432397178,-0.1685641166004497,0.7488112243447418,3.68311461334521,17.454591965060562,77.4526678141136,774.6666666666666,62.567297102133686,84.92820497337736,172.0,60.0,0.37162976926235497,0.0025594651372390764,0.3672286444593198,0.3748271285703279,-0.41626030286976984,-1.4255770335332245,0.36960376246432247,3.091744938518366e-06,7.175526864368454e-09,3,0.6,0.004738710691098269,0.005221277122733292,0.0019773508466084874,0.01228709602171259,4.9770655851351234e-05,7.492971760530841,0.10474192991219074,7.304053420932484,7.622274591914459,-0.2940966639286292,-1.3327785878907252,7.594100666204703,6.550464598173071e-05,-1.5873718018350756e-07,1,0.2,0.02804368661292589,0.02804368661292589,0.00942285093910333,0.025219717843140123,0.0005711118203633573,0.24669064859695972,37.77808299727857,-76.24398615180142,55.87853557030214,-0.5186192563113511,-1.0785730817636894,0.0017682618926565343,3.9935017219472004,77.63975155279503,772.8,14.805404418657396,0.019158132011720234,47.4415935284488,4.658772343879308,0.0,32.252576,0.009170706096470027,32.25,32.29,-1.1534077141834318e-05,0.03999999999999915,-0.03999999999999915,0.11737880346036514,0.18708373868143724
19,204,510.0,514.996,0.0,0.0,0.0,0.0,0.0,0.0024166892690171624,0.12963604925817762,-0.1540987194689541,0.7758034156797771,3.5962054450687106,15.568101193830373,75.12520868113523,798.6666666666666,30.9494211039022,39.43602414037196,92.0,20.0,0.3704470605616565,0.002635958471115477,0.3672286444593198,0.3748271285703279,0.44681921072476755,-1.489463618263172,0.36811970011444084,3.2996700639287283e-06,8.069901206196797e-09,4,0.8,0.0036088282291145135,0.0067068570078602785,0.0025395518258485208,0.012098158154809607,6.150738840084356e-05,7.319511728290399,0.0945684193549886,7.18544486237101,7.508777652742252,0.3737781013621921,-1.0966288165296916,7.493429494842936,0.00021560111233583643,-5.240831531000665e-07,0,0.0,0.0,0.0,0.0015800697771964196,0.0012479487797320277,1.2799470926021825e-05,-2.451222429935579,42.1879410551922,-88.0562290326332,55.87853557030214,-0.4680596967393878,-1.140756746006487,0.0007328234316642792,3.914696774078537,75.45271629778672,795.2,36.04441704342019,0.04532748622160487,51.16430202164389,3.6833911214076447,0.0,32.245328,0.008258397589773207,32.22999999999999,32.25000000000001,-1.716536394582721e-05,0.020000000000017337,-0.020000000000003126,-0.08551025937340496,0.32750761665148787
19,205,512.5,517.496,0.0,0.0,0.0,0.0,0.0,0.0004551187146087759,0.12848199924948264,-0.1573569901075798,0.7758034156797771,3.5693577881996976,15.346550792173343,75.44006705783738,795.3333333333334,39.14417794087221,42.14261501141095,104.0,40.0,0.37109597514726095,0.002047517356731977,0.3677857198960126,0.3739673563257845,-0.3252807345034989,-1.432245011582726,0.3725123622562949,4.331308926104609e-06,-1.0588679560284476e-08,3,0.6,0.0009040178047096484,0.001446850298131519,0.0003941326746737082,0.001160455582237443,1.0460524561869691e-06,7.193271317720116,0.05346521854684931,7.109764194722554,7.303801829781446,0.3262921954619291,-0.9880103494382975,7.291798395054038,0.00013000934708690438,-3.1579020467932635e-07,0,0.0,0.0,0.0,0.0012948530924643282,0.0010771453768342243,8.618696542686432e-06,-2.3646374912820995,47.33008187069827,-93.85510197108532,59.87278115159633,-0.4926053009524801,-1.1812648780582162,-0.007389748647577054,3.7060763762895266,75.37688442211055,796.0,41.95235392680606,0.052703962219605605,55.54357520098656,3.760943177677059,0.0,32.248672,0.016582941574118475,32.22999999999999,32.27000000000001,2.390334969820316e-05,0.040000000000020464,0.020000000000003126,-0.18400228818343226,0.06318263572683236
19,206,515.0,519.996,0.0,0.0,0.0,0.0,0.0,0.0008589304062932698,0.12194575768009346,-0.1573569901075798,0.8328640910743693,3.8195218721365753,18.15567531730037,75.88532883642496,790.6666666666666,141.1646792461438,146.39125656950964,436.0,80.0,0.37039126127726846,0.0019264632752084175,0.3679361070915274,0.3732883691046235,0.1601122663814342,-1.6568108538485593,0.36906803342203964,2.184979275793453e-06,5.131915407812936e-09,2,0.4,0.004074690028022576,0.004219999693839682,0.0016469706026408719,0.007956803382517115,2.6221584054869178e-05,7.113219120477719,0.039556747408089704,7.060471521926191,7.185298975806252,0.200326930352334,-1.3297615929351887,7.174745437038189,8.192419397571033e-05,-2.018171729483031e-07,0,0.0,0.0,0.0,0.0014270966602862617,0.0015493952531944492,1.0667883845604045e-05,1.0264542739007532,44.238573897142295,-93.85510197108532,59.87278115159633,-0.5906774302474131,-0.969073234778449,-0.005425464616595278,3.97421539985989,75.75757575757575,792.0,39.27340066762745,0.04958762710559021,53.68777693001893,5.456788383627321,0.0,32.246632,0.018538046584306297,32.22999999999999,32.27000000000001,-1.711743047515313e-05,0.040000000000020464,0.020000000000003126,0.6865672193109577,0.12775307884921006
19,207,517.5,522.496,0.0,0.0,0.0,0.0,0.0,-1.4464350065612309e-05,0.12115156565410631,-0.1541240333130798,0.8328640910743693,3.9500098513429016,19.856699991027575,69.25207756232687,866.4,239.84328216566752,201.49441679609885,564.0,50.0,0.37081753799370004,0.0031641659073330945,0.3679361070915274,0.3796491678535004,1.4269813008015029,1.0591003823867853,0.37153394008052,4.981672577821341e-06,-1.184953067416843e-08,1,0.2,0.008118766814635747,0.008118766814635747,0.002177071541613064,0.004971021807692232,2.8622668152192537e-05,7.094804696495263,0.02207624389970284,7.060471521926191,7.123608172747201,-0.17895400508508819,-1.4639195135767356,7.09993310884113,6.994188736173799e-05,-1.7218366553911972e-07,1,0.2,0.023730455342999335,0.023730455342999335,0.00915285765492877,0.03689248617285888,0.0006912912962990411,2.1975360098438697,40.47118832052376,-93.90845580446953,54.96198658669728,-0.6207731599758326,-0.8141457183302023,-0.008785693856601322,4.241880065589449,71.63323782234957,837.6,123.01544618461537,0.14686657853941662,50.930307487284544,3.5065200393391023,0.0,32.246008,0.01425920865451035,32.22999999999999,32.27000000000001,2.3767065450950955e-05,0.040000000000020464,0.0,0.6499746079731422,2.381160260022696
19,208,520.0,524.996,0.0,0.0,0.0,0.0,0.0,-0.0012021217449177815,0.11744942868319654,-0.155749570352939,0.7907049043143914,3.8174277114719892,19.16906713442758,67.99637352674524,882.4,82.34561311933987,126.52272523147768,232.0,50.0,0.37158850252599784,0.0028814116445787354,0.367880842186637,0.3796491678535004,1.2152055168254223,1.0602794240982814,0.36972525111635435,3.699489338970822e-06,8.597620514945713e-09,3,0.6,0.004794788491720862,0.009926668990421439,0.002602721823341349,0.010749607452216314,5.697073304778223e-05,7.089575497814599,0.029283602147129193,7.028345186381232,7.123608172747201,-0.5540715371689333,-0.9877550799822803,7.064340771910166,4.466223171069043e-05,1.0896634811884321e-07,1,0.2,0.059273529132314984,0.059273529132314984,0.022578999682663362,0.14814336449435872,0.006937210166026029,0.9989360548233465,39.36154656597507,-93.90845580446953,54.96198658669728,-0.6114303052401877,-0.8136808438122092,0.0035785797272443166,4.359516028312056,65.67425569176882,913.6,169.22411175716064,0.18522779307920384,44.078054756122896,8.726202583199006,0.0,32.254695999999996,0.007867209943370252,32.24999999999999,32.27000000000001,1.8249227679740697e-06,0.020000000000017337,0.020000000000003126,0.2421766263226498,2.3221178349764244
19,209,522.5,527.496,0.0,0.0,0.0,0.0,0.0,0.00027452070285595713,0.11807341961737676,-0.155749570352939,0.756047001212079,3.769296436632711,17.867388528395452,68.6184812442818,874.4,40.65464303127012,65.26867548832288,112.0,50.0,0.3703540099391546,0.0019464123005205453,0.3677533195657256,0.3733465382357844,-0.05102321478793119,-1.5185526920291283,0.3686371665548199,2.4916159791301434e-07,-2.2936570947637097e-11,3,0.6,0.003782596575171456,0.00470937769515406,0.0017033795072078856,0.009600812345630316,3.2932963388648345e-05,7.032460009567576,0.04154969020725449,6.965255758067463,7.1085998924246425,0.18461829970776253,-1.1358722032002433,7.097102672943749,9.022668497598706e-05,-2.173029945740196e-07,0,0.0,0.0,0.0,0.0019104027196716006,0.002432363171094417,1.943883728086851e-05,-0.42048030157670147,37.43858718899477,-81.66688385872908,48.279194241673096,-0.5268918941512859,-1.107883360493154,0.0008593928752217395,3.940076059985166,65.90509666080844,910.4,29.06544339933592,0.03192601427870817,44.147291344974185,2.1218524382851927,0.0,32.257944,0.009115715735995828,32.24999999999999,32.27000000000001,7.957990373142198e-06,0.020000000000017337,0.0,0.016810111214808722,2.7133845834733563
19,210,525.0,529.996,0.0,0.0,0.0,0.0,0.0,0.0004033840434938558,0.119254406221572,-0.137801922726623,0.769014998087572,3.8202799264181637,18.06539315549849,68.24385805277525,879.2,41.51144420518275,33.406586176980134,104.0,25.0,0.3703836653693389,0.0020867359283984273,0.3673967001784594,0.3733465382357844,-0.1557208873579811,-1.6024353878283841,0.3706699955777588,3.813179558979082e-06,-9.44402676471005e-09,2,0.4,0.0023171820391497677,0.0026710587140684194,0.0009178491661015472,0.004003753628125186,7.416625155520718e-06,6.967163959446111,0.0344964640403417,6.909553763520524,7.0282541013365885,0.08929473104251581,-1.1674440583227546,7.017754712636482,7.885110387501882e-05,-1.890709316129272e-07,0,0.0,0.0,0.0,0.0017974194059166132,0.0024613274520300724,1.737259260711215e-05,-1.6914709446193665,40.89457226889355,-81.66688385872908,56.54036827028861,-0.43780867868140777,-1.213585951599255,0.0007353952244248628,3.827589169009232,68.43065693430657,876.8,44.488200682877704,0.050739279975909796,48.90359850832427,4.997525645262861,0.0,32.261208,0.009429096599286528,32.25,32.27000000000001,-8.213662856737483e-06,0.020000000000010232,-0.020000000000010232,0.08967723706119478,0.18679888153131685
19,211,527.5,532.496,0.0,0.0,0.0,0.0,0.0,-0.0013179134527947628,0.11454531842281013,-0.1319829348388952,0.769014998087572,3.914030275098499,19.877224951466864,70.55503292568203,850.4,127.17232403317948,147.21412975662358,296.0,25.0,0.36993133971698033,0.002255065956614801,0.3659180105742652,0.3729461826292062,-0.2736326955656169,-1.4976474995309355,0.36767651021181946,2.4820073020279954e-06,5.96283619177817e-09,3,0.6,0.00350476856869684,0.005267956968144916,0.001992044234509503,0.012244007513696113,4.981103060502014e-05,6.908970882342869,0.03268720805101259,6.8542085829210375,6.965151123389585,0.004766703330577702,-1.2599316033844572,6.955254279171594,6.651208593330803e-05,-1.575373094617123e-07,0,0.0,0.0,0.0,0.001549070526826324,0.0019847992457346243,1.2791857515410908e-05,-1.304241418294227,41.44075309513762,-81.51540359069311,56.54036827028861,-0.46110136325081696,-1.236768686137574,-0.008762262348709086,3.7507432354317793,71.83908045977012,835.2,143.76091262926792,0.17212752948906598,47.33500299345564,7.226607006052287,0.0,32.260776,0.013888468566142155,32.24999999999999,32.290000000000006,4.311995079677718e-06,0.04000000000001336,0.01999999999999602,0.23455856946560086,1.2840475340880886
19,212,530.0,534.996,0.0,0.0,0.0,0.0,0.0,-0.0022622181490651173,0.11361578605716592,-0.1534073657288815,0.7681957876023989,3.801192999731041,19.024360634462816,71.42857142857143,840.0,127.7810627597063,154.01298646542764,300.0,50.0,0.36946552631654395,0.002462109619718218,0.3651267898607622,0.3729461826292062,-0.2666371872089181,-1.3963459241917118,0.3700552777519863,2.091323577509255e-06,-5.2500310723151755e-09,3,0.6,0.001903006824118166,0.0028877410205753185,0.000963066369639456,0.003957397534177855,7.77425465135362e-06,6.853268873432479,0.03165114033726437,6.799769882268245,6.909469535879378,0.02318618359875714,-1.1756915667439953,6.899343005447135,8.280573191530703e-05,-2.0141819815363236e-07,0,0.0,0.0,0.0,0.001654366440533218,0.002170736078629222,1.4633368395785103e-05,2.24133500244783,42.40079490796939,-89.71532089471155,55.98599734380083,-0.6106920397929749,-0.9920842834196888,0.0025223020917069174,3.8823620601891284,69.12442396313364,868.0,89.7552226892675,0.10340463443463997,48.67066986715985,6.114268975532443,0.0,32.261959999999995,0.01534248215459417,32.24999999999999,32.290000000000006,3.1810068358653556e-06,0.04000000000001336,0.0,-0.004753726138576891,2.3041474654377936
19,213,532.5,537.496,0.0,0.0,0.0,0.0,0.0,0.0019734123360650806,0.11781008049592297,-0.1534073657288815,0.7582940632587301,3.506615530509124,16.234913605453894,67.68953068592057,886.4,32.323366161339074,46.73328578219169,84.0,25.0,0.3686735275908176,0.002274960578835891,0.3651267898607622,0.3722793371585567,0.15356275134991568,-1.4133691564475361,0.36601132633708094,3.800536443687639e-06,9.145541349702723e-09,3,0.6,0.004240043590323002,0.006266218240758403,0.002206739955553633,0.013558920906213327,6.110016871907968e-05,6.79904743957551,0.031313526625722274,6.743990872465211,6.854125042966992,0.0027914985276031416,-1.1513054535247096,6.844129307556217,6.30009653653839e-05,-1.5673811182315788e-07,0,0.0,0.0,0.0,0.0016394341016542561,0.0021323931004526655,1.4354226192515922e-05,3.1338769970855576,45.532504316996764,-89.71532089471155,56.79491753033444,-0.6236808366676605,-1.0520927512229223,0.000986685077828675,3.593422119865409,67.50675067506751,888.8,27.04071004984891,0.030423841190199048,54.85991639599791,2.032178389149636,0.0,32.267144,0.015286914083798182,32.25,32.290000000000006,7.4516834891143815e-06,0.04000000000000625,-0.01999999999999602,0.18127416841550473,0.18278001085306528
19,214,535.0,539.996,0.0,0.0,0.0,0.0,0.0,0.00023311872626681466,0.1176651922049143,-0.1870130729688096,0.7507705134792995,3.5602170412356684,16.895435044799473,67.14413607878245,893.6,22.19909908081857,25.69046515733026,56.0,0.0,0.36919869320016807,0.0021941462860972784,0.3660477296588863,0.3729377090227,0.08512234255650447,-1.2899509457337723,0.37144026254150087,7.490542952964459e-06,-1.8081670744740702e-08,1,0.2,0.0015031119995103093,0.0015031119995103093,0.00041137831156610007,0.0008684704063952743,9.967956759270068e-07,6.745159788971112,0.03117687430901305,6.6916877671613495,6.799682763788438,0.02518894015492253,-1.1998942766191205,6.7898654216894005,7.40303350019889e-05,-1.776181324388343e-07,0,0.0,0.0,0.0,0.0015707357701106235,0.002022586203012322,1.315996701193796e-05,-0.9435034226723638,45.872876659669856,-91.15218940633636,56.79491753033444,-0.45597951320993113,-1.2525466606825977,0.01000397197058774,3.613770231443884,67.99637352674524,882.4,29.610808837314796,0.03355712696885176,54.075724608239284,4.097823565703099,0.0,32.267352,0.01438102106784913,32.25,32.290000000000006,8.637343128149157e-07,0.04000000000000625,0.03999999999999915,-0.5141332517321733,0.8522374479627928
19,215,537.5,542.496,0.0,0.0,0.0,0.0,0.0,-0.001304645208752494,0.11826276511304178,-0.1870130729688096,0.7687387007398672,3.5977628278707097,17.060961095608576,69.18819188191881,867.2,33.39461034358688,43.95452195167182,92.0,25.0,0.3689232300560221,0.0021322228214034904,0.3653782725246363,0.3729377090227,0.3011768191535526,-0.9119024336606807,0.3659547670314515,5.364475705514588e-06,1.277741555892809e-08,3,0.6,0.00433861936131269,0.006981293069225458,0.0020879218097319386,0.014982732871153696,6.67187813256447e-05,6.69209551296134,0.029907043663693518,6.642359422199403,6.743910562504244,0.07171457943739215,-1.2506264676483696,6.7342002310511075,7.530945543562704e-05,-1.8638393958563244e-07,0,0.0,0.0,0.0,0.0016891992744983348,0.0024241010069164784,1.544931201524061e-05,-2.783277144085695,48.28103592503277,-98.71324032771363,62.10412885746094,-0.3750101502271347,-1.25955601776667,0.0024397376623272646,3.769344394464391,68.11989100817439,880.8,18.633303518163384,0.02115497674632537,56.25743048352006,5.766299941456339,0.0,32.26992,0.012181228104940408,32.25,32.290000000000006,1.57142526171431e-05,0.04000000000000625,0.0,0.431573008073944,1.0683008737444197
19,216,540.0,544.996,0.0,0.0,0.0,0.0,0.0,0.002223780541048643,0.11578907663848584,-0.1562124982361422,0.7687387007398672,3.489528875725808,16.27900434529246,73.23026851098453,819.3333333333334,115.30596977896099,109.45684080951725,332.0,80.0,0.36986076495967435,0.0030081245384108216,0.3653782725246363,0.3771621940312588,0.5677839591184166,-0.43654173735994073,0.37029876036229564,5.493241282093189e-06,-1.3343927402213251e-08,2,0.4,0.004611826643647232,0.0068670874904852575,0.0017526733205315208,0.00545494776372624,2.1298853898424274e-05,6.642995340277551,0.026719915462330067,6.596798992728807,6.691589237766422,0.021573572558655735,-1.1496247686532672,6.682218994051119,7.247200810242777e-05,-1.7408941027988896e-07,0,0.0,0.0,0.0,0.0014372389956189748,0.001792905787224612,1.0976124806530446e-05,-2.770300351211276,49.9999123909183,-98.71324032771363,62.10412885746094,-0.3986240999101894,-1.2649723933476793,-0.008885284018400594,3.6395001753287137,72.5338491295938,827.2,101.24820986071802,0.12239870631131287,55.66334588273282,8.441599417647325,0.0,32.276352,0.010392724079721357,32.25,32.290000000000006,-1.1029121938619994e-05,0.04000000000000625,-0.03999999999999915,-0.6333112925408054,0.6964193813907258
19,217,542.5,547.496,0.0,0.0,0.0,0.0,0.0,-0.0007624307099805655,0.1102350519521154,-0.1562124982361422,0.7871491148167147,3.674377508358631,18.712934905402026,70.55503292568203,850.4,116.63961591157612,106.33908030446756,308.0,75.0,0.36933418435382614,0.003593697644829098,0.3641008543582231,0.3771621940312588,0.238834785076461,-0.9033301926442263,0.36847626314613674,4.2223016262025755e-06,1.0129584275602778e-08,2,0.4,0.006434192788649928,0.008693117833857122,0.0024033917652555017,0.010066224302239048,4.914137006738043e-05,6.596836949441246,0.026820165713501543,6.550739261627035,6.642281948858705,-0.006359262777049579,-1.191557250153861,6.633008454116876,6.152720039765826e-05,-1.5028779631833023e-07,0,0.0,0.0,0.0,0.0017005880886069088,0.0026611424922316973,1.588420369143903e-05,-0.41591301130066494,48.62225238186301,-100.76576532125448,61.928939040045314,-0.510856847537411,-1.1351588981554759,-0.013844277877859605,3.7938821946137753,73.09941520467837,820.8,131.6783961020182,0.16042689583579217,54.644460296219016,6.250787705784692,0.0,32.269920000000006,0.01205349124769766,32.25,32.290000000000006,-1.496028093455389e-05,0.04000000000000625,0.0,0.7149791005271833,2.5443822789963377
19,218,545.0,549.996,0.0,0.0,0.0,0.0,0.0,-0.0022507123537000005,0.11729210868580105,-0.1643658254935893,0.7871491148167147,3.665432225913918,18.149094061833257,70.48872180451127,851.2,117.00940133168788,166.48123017325406,312.0,50.0,0.36710356694106305,0.0023572509711644496,0.3640859781582179,0.3709278492707062,0.12147567912495737,-1.592994912487615,0.3677533259821104,4.464171170512622e-06,-1.0748744096458061e-08,2,0.4,0.0026669410795762127,0.003177817341107003,0.0010295135846110732,0.003987284362631157,8.475160686375162e-06,6.550400110161732,0.026932971598494417,6.50337062527014,6.596716306078049,-0.005351391026587151,-1.196960785377419,6.587478375209389,6.094061898571521e-05,-1.4819884698093656e-07,0,0.0,0.0,0.0,0.00158115051738044,0.0022563932342306273,1.3524873808603484e-05,3.484550770568944,46.881569811825926,-100.76576532125448,61.928939040045314,-0.6382449701051011,-0.917330315585255,-0.005405775499616956,3.9260481724036276,67.38544474393531,890.4,53.56117997206559,0.06015406555712667,55.1542767377452,5.358900573833962,0.0,32.271728,0.012264418715136102,32.25,32.290000000000006,3.03631144724117e-05,0.04000000000000625,0.03999999999999915,-0.19918734825796547,3.1032770605759623
19,219,547.5,552.496,0.0,0.0,0.0,0.0,0.0,0.0028361377276913636,0.12630068204120848,-0.1643658254935893,0.7606679663374954,3.4471756229916,15.25448296746421,67.32495511669659,891.2,25.203174403237384,41.80908992073375,64.0,25.0,0.3675529716042146,0.002266536491771915,0.3640859781582179,0.3709278492707062,-0.20698655160893817,-1.464820217002928,0.36916588528685895,4.71221295484177e-06,-1.145494454583629e-08,3,0.6,0.001257715145651132,0.0017590441906960574,0.00047940721035353483,0.0013209332385283018,1.499256403371917e-06,6.503009040834002,0.027739652222863537,6.456221641785952,6.550664006086858,-0.006186814928145951,-1.2322632667459874,6.541371420535946,6.225940282515946e-05,-1.520649900742112e-07,0,0.0,0.0,0.0,0.0015662453241405525,0.0021484383848995757,1.3194700812798533e-05,2.6785605866242137,46.972499174218605,-96.76207842816224,60.38739624748928,-0.5911986941240347,-1.0356989069168694,-0.0015471871867048068,3.7675512624775425,66.7853962600178,898.4,33.05752561823102,0.03679599912982082,54.330756807926115,4.36119269193653,0.0,32.28085600000001,0.009461933142504434,32.27,32.290000000000006,8.284134581834728e-06,0.020000000000003126,0.01999999999999602,0.16412255423025474,0.5395588566787808
19,220,550.0,554.996,0.0,0.0,0.0,0.0,0.0,-0.00034477206917082236,0.12134083668505566,-0.1804882055937,0.7434825470682813,3.560999879310803,16.269975912846682,67.62849413886384,887.2,55.59856113246097,68.64400920692205,136.0,50.0,0.3660875200625219,0.002382053237171695,0.362493531445725,0.3704476573184667,0.17350377023888663,-1.221264875400036,0.3639492895031651,3.834107389354629e-06,9.041718095391044e-09,3,0.6,0.004443153818278274,0.006496258378761277,0.002128120537778326,0.011722727459949754,5.015486850304539e-05,6.456726657884306,0.025928446060435505,6.411898744773807,6.503296478816236,0.03686190438552323,-1.1368309771831444,6.493997459502565,7.495912679413152e-05,-1.8395434373362038e-07,0,0.0,0.0,0.0,0.0015510636030522857,0.0020689831395234357,1.2890617819801522e-05,-2.4817046808232766,49.66279361244945,-100.95060092444666,62.00052173907012,-0.4200922987014436,-1.243819915577939,0.0004825018658688109,3.706468242094595,66.13756613756614,907.2,45.99130352577539,0.05069588131148081,56.4185730180306,3.8824648160189255,0.0,32.277152,0.009078041960723681,32.27,32.290000000000006,-1.4370948077383093e-05,0.020000000000003126,-0.01999999999999602,0.25480400334950654,1.4909280012977035
19,221,552.5,557.496,0.0,0.0,0.0,0.0,0.0,-0.002262387436156002,0.11309440824552426,-0.1804882055937,0.7975801475088498,3.7832481518182446,19.46547607793906,69.31608133086876,865.6,52.35265036270848,74.59222479588607,120.0,50.0,0.3663358397035349,0.0026617994048146023,0.3618787667247368,0.3704465742541993,-0.23980596849902713,-1.585274371066461,0.3695831242486059,9.22611039528873e-06,-2.2246911015943577e-08,0,0.0,0.0,0.0,0.00010797480986367666,8.796589511771548e-05,5.985319600518925e-08,6.412940373562566,0.025104502646143834,6.369808249957708,6.456165856630406,0.03899223493102707,-1.187335293234854,6.446904835798816,3.649670794397371e-05,-8.653665547129937e-08,0,0.0,0.0,0.0,0.0018166163851298048,0.0028326498796797336,1.811285977420606e-05,-3.467689040520246,49.406665667933574,-100.95060092444666,62.00052173907012,-0.43157843992111966,-1.18995570093829,-0.006044899835511199,3.760812460921687,66.815144766147,898.0,62.78003929063229,0.06991095689379988,56.5659076826287,6.2460653420534795,0.0,32.273936000000006,0.007527391370262172,32.27,32.290000000000006,6.169849708743326e-06,0.020000000000003126,0.0,-0.27456106600146046,2.500936564721755
19,222,555.0,559.996,0.0,0.0,0.0,0.0,0.0,-0.0003616941514418587,0.11773522181368663,-0.1600840354987985,0.7975801475088498,3.7397258822430395,18.657158130795636,71.09004739336493,844.0,116.2067123706716,147.70240350109404,284.0,75.0,0.36621343585696714,0.002520548497363008,0.3618787667247368,0.3693375052357037,-0.252663440834881,-1.5138491711445352,0.36780400557634346,4.129943462334486e-06,-1.0219579223320747e-08,3,0.6,0.0007669344879031222,0.0015330597966784487,0.0005392507267731238,0.001887061071761629,2.1658350090677532e-06,6.369786024317729,0.02461201038091347,6.329104974748454,6.411826487895411,0.04918776383018398,-1.2692175211743657,6.402925622519028,6.970502170102502e-05,-1.7060930856138858e-07,0,0.0,0.0,0.0,0.001660753320047598,0.0026120038558615005,1.5162240315366829e-05,0.8927417822338197,48.46592254132272,-100.4211089920902,64.64491130145723,-0.5157486037267971,-1.087143559225638,-0.008477307379388697,3.860786757388084,70.62146892655367,849.6,111.87850553167037,0.1316837400325687,56.53868227232277,7.211266050681184,0.0,32.274,0.0075785443861227705,32.27,32.290000000000006,-1.4732911829021936e-06,0.020000000000003126,7.105427357601002e-15,0.5338410110782312,0.4685784668112518
19,223,557.5,562.496,0.0,0.0,0.0,0.0,0.0,0.0009308106845234267,0.12214643749819408,-0.1600840354987985,0.771249264495165,3.5782238778977256,16.479317125257428,66.90454950936665,896.8,59.75951807034591,78.12809993849844,152.0,75.0,0.36484257243115625,0.0017582641273228982,0.3619253676196253,0.3679369699017549,0.2257319674470274,-1.429101465820519,0.3615761221378499,3.7923876080200068e-06,8.83927480309024e-09,4,0.8,0.0042730693824927085,0.0063591885224237865,0.0017568299458225868,0.0163286568676345,6.876839908006982e-05,6.327689855436631,0.02407684256145918,6.284095483423123,6.36972452914069,-0.10510325009621778,-1.1041207273749714,6.360960561583143,4.34880925204613e-05,-1.0792659621565533e-07,0,0.0,0.0,0.0,0.001419158046044894,0.0018739961793691313,1.077738415836349e-05,4.4054221443206005,48.56968329570898,-96.95750754326212,64.64491130145723,-0.6236819643678544,-0.9770144056525769,-0.0017410186989654363,3.7326765864879152,66.72597864768683,899.2,35.933271490361136,0.03996137843678952,59.696882557252934,2.8253335197255725,0.0,32.268416,0.008498070409512838,32.25,32.29,-1.7127168721365157e-05,0.03999999999999915,-0.03999999999999915,0.0014727237926142611,0.17857086167981606
19,224,560.0,564.996,0.0,0.0,0.0,0.0,0.0,6.87827774109289e-05,0.11761298916523734,-0.1572098906445694,0.7597851929323671,3.6422347099504773,17.36220598342672,65.73181419807187,912.8,49.02244383953129,72.47068372797375,128.0,25.0,0.36499595856470396,0.002133490791921941,0.3608951904621663,0.3693222885769504,-0.21658146503326628,-1.074902825101084,0.3667027249089815,5.303981150107015e-06,-1.300075824861554e-08,1,0.2,0.0002712920267232688,0.0002712920267232688,0.0004995860200963381,0.0007976394258943515,1.3761236452129699e-06,6.286856886030815,0.023295554871528675,6.254118169113755,6.329034861002044,0.23406547984721476,-1.2640950105126896,6.320130560708108,4.230821441288409e-05,-1.0551111110785999e-07,0,0.0,0.0,0.0,0.0015758943597462402,0.0023397811900539426,1.351871159948624e-05,0.8550152559905109,47.9764324004945,-96.62926919815854,60.89349199347262,-0.5600558794947585,-1.0766568444380857,0.0012947154118561819,3.7180166499242016,65.84723441615452,911.2,43.94542069431126,0.04822807363291402,56.01385234836104,4.186617217298608,0.0,32.27831200000001,0.019410514430492874,32.25,32.31,2.812484359993057e-05,0.060000000000002274,0.0,-0.02198723596578092,0.11542021808264735
19,225,562.5,567.496,0.0,0.0,0.0,0.0,0.0,-0.0012189468928235853,0.1127776404231217,-0.1604155536037374,0.7843986689228017,3.7810599169873806,19.491047228226765,67.93478260869564,883.2,58.33695226869501,73.83765976789893,148.0,25.0,0.364524841446865,0.0027777301090046195,0.3608951904621663,0.369396882246608,0.30091091297180983,-1.3997281297854456,0.36287569580372003,2.125067190695374e-06,4.7566822956826016e-09,2,0.4,0.0050433533460357005,0.006519877633959337,0.0023156530437905038,0.010567216137790596,4.912415907332844e-05,6.257271514623871,0.011808496413725833,6.239774106072844,6.284034358770182,0.583602036146826,-0.6316121226421552,6.275534280030035,2.0961722294525438e-05,-4.9455298401306917e-08,0,0.0,0.0,0.0,0.001571538862555303,0.002303871886199019,1.3415962366268487e-05,-3.3172655209227364,46.7250625669044,-96.62926919815854,59.0793723757461,-0.42790419248474065,-1.1960118195186262,0.004142906170846967,3.7894145121693255,67.44604316546763,889.6,32.81463088318989,0.036886950183441874,54.057406193142704,3.776226449957113,0.0,32.281128,0.016387520260630808,32.25,32.31,-2.720824013327551e-05,0.060000000000002274,0.020000000000003126,-0.01481978323092103,0.4887394432280132
19,226,565.0,569.996,0.0,0.0,0.0,0.0,0.0,-8.612999502875915e-05,0.11542276800129904,-0.1612657563896573,0.7843986689228017,3.606027402247552,17.822823599641023,71.77033492822966,836.0,139.2838827718412,172.6499348392579,328.0,75.0,0.3643986088687319,0.0024218008630742917,0.3613048196678415,0.369396882246608,0.4230229807602763,-1.0399723257092375,0.3683380565569416,8.562363021388061e-06,-2.0750653434458442e-08,1,0.2,0.0010357447726674907,0.0010357447726674907,0.00021951713977019736,0.00029954698040394713,2.58924370832234e-07,6.236774704820818,0.013050844708911819,6.212431670926255,6.25410756118221,-0.36317305434034314,-1.1561904307127857,6.246033281773523,1.618960824539837e-05,-3.793997509700938e-08,0,0.0,0.0,0.0,0.0026958489717042317,0.00793236550510502,4.894439091283749e-05,-1.7667961897870894,46.86458100440525,-93.49213110277736,61.47051233201283,-0.43374836555199314,-1.2034830376317422,-0.004507631429934095,3.747472827861665,69.57328385899815,862.4,77.12846426579489,0.08943467563287905,55.29966930721088,5.068618049064924,0.0,32.27,1.3336298970267915e-15,32.27,32.27000000000001,1.6479731582773698e-17,7.105427357601002e-15,0.0,-0.17267514009396423,2.197051069231506
19,227,567.5,572.496,0.0,0.0,0.0,0.0,0.0,0.0022278157030239335,0.12437633327870551,-0.1612657563896573,0.763076332472244,3.4798612677640763,15.650000004247278,64.65517241379311,928.0,66.27216610312357,66.63332499583073,168.0,75.0,0.3636281529127794,0.001977626467209244,0.3609811603610238,0.3667592952936193,0.2770645068492383,-1.5010703598643451,0.361939855396568,1.9573214569753514e-06,4.649550261575936e-09,4,0.8,0.002869112457144385,0.004818538256437133,0.0018297933802091779,0.009115005031454302,3.33452184896661e-05,6.206642708931545,0.021695316618175413,6.167664390519978,6.239735428154731,-0.2017575496149025,-1.307012699307527,6.231272241141481,4.625347987622204e-05,-1.0926204594586542e-07,0,0.0,0.0,0.0,0.0017805116873330106,0.0032426870369085615,1.796308313998397e-05,2.839343241409989,45.29094189663828,-91.33007355696444,61.47051233201283,-0.6096389701465799,-1.0050235137399948,0.001065856986253107,3.8032451198348594,68.87052341597796,871.2,105.84516994175975,0.12149353758236885,53.53054957723426,5.669656433234428,0.0,32.27,1.786991679008782e-15,32.27,32.27000000000001,1.6479731582773698e-17,7.105427357601002e-15,0.0,0.5391601849636857,4.215351002184846
19,228,570.0,574.996,0.0,0.0,0.0,0.0,0.0,0.0029391046622927975,0.12203075038120619,-0.1486524732856389,0.763076332472244,3.644179076820042,16.916736370375578,63.29113924050633,948.0,35.09985754956849,50.35871324805669,80.0,25.0,0.3640468566756054,0.002314759043711426,0.3609811603610238,0.3681986885553805,0.26955476500572,-1.3655684680137352,0.3657559604016196,6.938899425765704e-06,-1.6731070629874467e-08,2,0.4,0.001523402294011933,0.0024479600081374064,0.0007033184136327986,0.0017482958884001054,3.085105131085352e-06,6.167735765845658,0.02331475208470721,6.126434258656508,6.212389384763659,0.05966626394004359,-1.0544749276366245,6.203041864096389,6.513378831758454e-05,-1.5525849313232512e-07,0,0.0,0.0,0.0,0.001628621538745651,0.0020703860464389517,1.4123962263526153e-05,0.5744026070863568,43.356770891397744,-89.13017137409388,53.64977299285312,-0.5581605530705724,-1.0678738939015804,-0.008836718258637626,3.7264667338131585,62.86672254819782,954.4,39.45630494610462,0.04134147626373075,50.548891635498734,2.782414045896316,0.0,32.26922400000001,0.0034246306903350215,32.25,32.27000000000001,-3.5618531595734415e-06,0.020000000000010232,-0.020000000000003126,-0.612713663778497,0.42441669230851176
19,229,572.5,577.496,0.0,0.0,0.0,0.0,0.0,-0.0021626504060592686,0.11237825700521353,-0.1554802714427095,0.7595448172337917,3.8508215742213103,19.74689237911625,65.28835690968444,919.0,53.70288632839021,77.63160868271807,124.0,66.66666666666666,0.36404153918728915,0.0026067872932371613,0.3601078393225814,0.3681986885553805,0.004500461833271479,-1.4976720856145231,0.3616255302665212,4.73576343021823e-06,1.1196760619633123e-08,3,0.6,0.0038011903047823203,0.006571620599101491,0.0023532804811864983,0.013114767158798668,6.206997345113367e-05,6.127493008779204,0.023167862050270827,6.090223494906673,6.167611580524865,0.06906238729231551,-1.257889144371589,6.158832984168097,7.414567414443508e-05,-1.8416201287919357e-07,0,0.0,0.0,0.0,0.001727463057483431,0.002694485418150812,1.6379303037492933e-05,-3.530188078319917,47.49468449327978,-102.43102131525715,56.79061154020163,-0.4524901648156663,-1.1608226029008049,-0.002243945286290923,3.815639548131566,63.76195536663124,941.0,32.0624390837628,0.03407273016340361,51.78490659583811,4.355919603526618,0.0,32.263264,0.00893081352988951,32.25,32.27000000000001,-1.3653000737913473e-05,0.020000000000010232,-0.020000000000003126,0.522535459732888,1.526401543053197
19,230,575.0,579.996,0.0,0.0,0.0,0.0,0.0,-0.002120221805446389,0.10985746319436021,-0.1922906806768043,0.7595448172337917,3.6244478866391625,18.491613712187377,72.8862973760933,823.2,162.56444875802336,203.53869410998982,412.0,50.0,0.363080494801424,0.0019483314462533912,0.3601078393225814,0.3669295790461057,0.27869305891874,-1.0601298571611968,0.3661580805659487,7.671925463210037e-06,-1.8529650457394984e-08,0,0.0,0.0,0.0,0.00014476245514721258,0.00019915440284976608,1.127493512650738e-07,6.089357452608694,0.02039686072419041,6.059348096034236,6.126351246545247,0.11163004735139304,-1.2760065123107474,6.118080376593718,6.855677198579326e-05,-1.7039668946036283e-07,0,0.0,0.0,0.0,0.0013516448908401362,0.001909524026565549,9.869070349598327e-06,1.6154181226993312,49.17709289185693,-108.80595239461988,58.40002912836618,-0.651318774871069,-0.898613497172589,0.0002859317680057183,3.8881212966695573,67.99637352674524,882.4,66.72930390765364,0.0756225112280753,54.077838974166525,5.099380634167685,0.0,32.258784000000006,0.009073308080432297,32.25,32.27000000000001,5.887594168192732e-07,0.020000000000010232,0.020000000000003126,-0.11329248626396272,4.889923849348051
19,231,577.5,582.496,0.0,0.0,0.0,0.0,0.0,0.0008761204310958968,0.12090694305828348,-0.1922906806768043,0.8259529516658637,3.7271186685538615,18.391882950740698,66.3716814159292,904.0,100.39920318408906,84.04760555780278,224.0,50.0,0.36217014192271446,0.0022130991976106987,0.3588344315985421,0.3659668318056849,-0.10306425091816061,-1.3196962658479412,0.3611488655358296,1.3398973500122458e-06,2.9185880066614357e-09,2,0.4,0.004308706765435488,0.004817208089322844,0.0015612608372680646,0.007854947250640584,2.453422678671095e-05,6.075025122238339,0.0146454953361125,6.057724208764365,6.106946297437,0.6583206833441831,-0.7098528625806555,6.081877398024302,2.4747405092051214e-05,-5.80145493186704e-08,0,0.0,0.0,0.0,0.0071745426403667665,0.01834639305915636,0.0003249720350321758,4.01603983599533,46.26051431787377,-108.80595239461988,61.795244973789934,-0.6637716936329617,-0.7396581205098998,0.0008285752448726648,4.205975687507386,67.75067750677506,885.6,62.456384781701864,0.07052437305973562,55.18534257270204,6.75512615488402,0.0,32.260712,0.009088639207732166,32.24999999999999,32.27000000000001,8.459986214367072e-07,0.020000000000017337,0.020000000000010232,-0.22562915113382334,1.3789960908458596
19,232,580.0,584.996,0.0,0.0,0.0,0.0,0.0,0.0018157708644804284,0.12388599388812949,-0.1735668751626292,0.8259529516658637,3.739243036139265,17.906590258295868,63.88415672913117,939.2,80.76632961822644,61.87083319303208,164.0,25.0,0.3619427840822671,0.002274451887953763,0.3584636384619846,0.3658344467755967,-0.11889187464647047,-1.6023166126384558,0.36520882149173817,9.00357525929594e-06,-2.1632540869601003e-08,0,0.0,0.0,0.0,5.1224876686709186e-05,2.9374970947536493e-05,1.3296388906862411e-08,6.094244321751577,0.020294606744939016,6.057724208764365,6.113079492177235,-0.8011347638813536,-1.0025004967101356,6.054101036084015,2.076836997096903e-05,4.788778352682381e-08,2,0.4,0.058382354812323456,0.05896447002642358,0.020275204821064572,0.20061087901939717,0.010111192237896185,-2.865869660530661,48.285033281914984,-101.28101362269813,61.795244973789934,-0.3704396260031029,-1.168589125361856,-0.004987351009798721,3.8466588846099197,64.86486486486487,925.0,87.71924912279326,0.09483162067329001,57.651405981555875,5.5698735957613845,0.0,32.261936000000006,0.0090686792142173,32.24999999999999,32.27000000000001,-5.008223365254587e-06,0.020000000000017337,0.0,0.5256161364561628,0.9807081357336997
19,233,582.5,587.496,0.0,0.0,0.0,0.0,0.0,-0.0011313965441047665,0.11457185448891868,-0.1514228749131543,0.7617501825255751,3.7423391635571637,18.325092852465215,70.75471698113208,848.0,90.9945053286186,85.20563361656318,244.0,50.0,0.36210874147404376,0.0021602699393618936,0.3584636384619846,0.364729818172341,-0.3211138178629285,-1.546221388034304,0.36281777879729427,1.7671050875509508e-06,-4.441058583534521e-09,3,0.6,0.0016518798170560567,0.001908315236604008,0.0006955958284784159,0.0030853644879160497,4.323203100042126e-06,6.100198153782612,0.010617156798644905,6.085115557999695,6.113079492177235,-0.17516356650984916,-1.6415975465590908,6.099313462412245,1.5651652550962918e-05,-3.9012762837059654e-08,2,0.4,0.013169073869824022,0.013758179116520886,0.005687719518457811,0.026789131574561382,0.00030531643535013504,-4.096397147536372,47.96161209831203,-97.64224708086022,61.57843855473647,-0.3893106900070691,-1.2192427670327493,-0.00020547016396517601,3.7661247537352316,65.43075245365321,917.0,66.40281118547115,0.0724130983483873,56.50576545809622,4.4802828221611675,0.0,32.259288,0.009428674996706889,32.25,32.27000000000001,-1.6158269541293582e-05,0.020000000000010232,-0.020000000000003126,0.42791887130913014,5.323964527478864
19,234,585.0,589.996,0.0,0.0,0.0,0.0,0.0,-0.0012812350319814734,0.11414052229831807,-0.1558257274487379,0.7623679165152526,3.8065136380342834,18.950276570258264,68.74427131072412,872.8,141.51749008514813,162.13574559608995,324.0,25.0,0.3616376733666517,0.002034374474348475,0.358474723971008,0.3661109324759974,0.6323131602142872,-0.6625844430698562,0.3581656744888749,3.6608455574880267e-06,8.862238093194712e-09,5,1.0,0.003869834025945329,0.007942584966674271,0.0020321178653702325,0.017354868514988287,8.09048781181274e-05,6.086446837801407,0.006663097944099009,6.0714181376327625,6.101553366557977,-0.08689627105833413,0.16381013240190612,6.093706143569824,8.392318424607991e-06,-1.611565723256444e-08,0,0.0,0.0,0.0,0.001648106366322843,0.0028707441440661776,1.523664249873972e-05,3.5132256523048278,45.18621420989013,-98.56230120868126,62.82024409585184,-0.6951422743544392,-0.8385443238464863,-0.0021800533471712374,4.038126305990906,67.02412868632707,895.2,46.93825731745907,0.05243326331262183,55.56788853739433,5.037213833486276,0.0,32.261976000000004,0.009443608364720704,32.25,32.27000000000001,1.0281898420416558e-05,0.020000000000010232,0.0,-0.24010299290207074,1.7201426243970417
19,235,587.5,592.496,0.0,0.0,0.0,0.0,0.0,0.0002888636557266917,0.1141327270585153,-0.1558257274487379,0.7994957841973132,3.9982246776917045,20.869687527565425,63.829787234042556,940.0,66.15134163416491,89.8443097808648,164.0,50.0,0.362295383764756,0.0021092342994033196,0.3581161592332725,0.3661109324759974,-0.08035872058595865,-1.0181801160131294,0.3618137681114232,1.1382236543374361e-06,-2.8429223379754445e-09,3,0.6,0.0031203209110912677,0.004295959238849623,0.001330425493425404,0.005945702989941527,1.5922636105200632e-05,6.072937469625662,0.010596868311108627,6.059635542827303,6.0885987628060905,0.1991021333611442,-1.5289994639624345,6.080649238769274,3.423414307497584e-05,-8.613780304065182e-08,2,0.4,0.007503723306612198,0.007861071129172892,0.002884923444727409,0.008648400215548187,5.659393863402887e-05,1.2417769808839934,45.7959618926159,-98.56230120868126,62.82024409585184,-0.544419851804349,-1.0825007443060652,-0.012875423004696785,3.9621693798141293,63.07821698906644,951.2,27.33495930123182,0.02873734156984001,53.910510682305095,5.54478618899623,0.0,32.264696,0.008251341325759004,32.25,32.27000000000001,-4.164928105520907e-06,0.020000000000010232,0.020000000000003126,-0.0081328213279578,0.751570244976115
19,236,590.0,594.996,0.0,0.0,0.0,0.0,0.0,-0.0011234208682363912,0.11535775115638942,-0.1513426509800855,0.7994957841973132,3.980220270091633,20.61596416409214,69.06077348066299,868.8,145.88762798811968,100.5186549850325,344.0,50.0,0.3622260855332955,0.00185323200700647,0.3581161592332725,0.3649284163831213,-0.37258209627286054,-0.8045518771886702,0.36030439910455875,2.5396488031736052e-06,5.974788173821822e-09,4,0.8,0.0034608433622404233,0.0046223544120257976,0.0015684112252939092,0.010462789288291132,3.418861515902503e-05,6.064130269506397,0.0026119824762117676,6.059635542827303,6.071392767138838,0.38748212524048975,0.438985480040861,6.063671987538878,2.6049931010080933e-05,-6.196114996358015e-08,2,0.4,0.0017517899459362773,0.001809198127443068,0.0017073091238931919,0.006302446866546966,2.255183097775918e-05,-0.9849844692451959,44.185926116396566,-92.47526413390892,55.80542741533163,-0.4462862178411877,-1.2167125268050387,0.009959372051066928,3.768355925931883,61.34969325153374,978.0,28.0,0.028629856850715747,51.272676579939876,2.9189162472870196,0.0,32.261407999999996,0.008986262603543073,32.25,32.27000000000001,-4.57974053072375e-07,0.020000000000010232,-0.020000000000003126,-0.6521874718860478,7.711080229129244
19,237,592.5,597.496,0.0,0.0,0.0,0.0,0.0,9.552116740346843e-05,0.12609281836647213,-0.1534892311675748,0.8376530135500797,3.6903909012676923,17.34637927572837,71.90795781399808,834.4,70.970416371894,94.17005893594843,156.0,50.0,0.362941064980881,0.0015080762976941886,0.360707927505888,0.3649763300247014,-0.18826144195934014,-1.6035976404417727,0.3630551846482811,2.438469636489944e-06,-5.634319391253349e-09,4,0.8,0.0018089994493916406,0.001922792290207198,0.0006879499981629817,0.003178721407957166,4.3920340138042435e-06,6.062319959844086,0.003183129030476764,6.056285216671977,6.06546346836961,-0.7127136588881259,-1.1439220060104593,6.0571075461206245,4.2454611368116496e-05,-1.063544699159529e-07,3,0.6,0.005999702390733219,0.00829363686317297,0.0030678675839060153,0.02629286119538022,0.0001854656619821663,-0.8455765883206142,41.20634191197249,-83.32208497755994,56.76424634809168,-0.4981572272539604,-1.101386800453739,-0.012411657810915536,3.8871310394780814,70.95553453169347,845.6,91.54670938925112,0.10826242832219858,50.24917923541944,4.457104811998913,0.0,32.253944,0.013996959393066164,32.22999999999999,32.27000000000001,-1.0729693906980446e-05,0.040000000000020464,0.0,-0.5844632239299896,0.9524232823046077
19,238,595.0,599.996,0.0,0.0,0.0,0.0,0.0,-0.00015809092168809542,0.12203114507440345,-0.1534892311675748,0.8376530135500797,3.698108736341111,17.731951516168042,69.96268656716418,857.6,51.73780049441607,62.03224967708329,124.0,50.0,0.36214550776484133,0.002145994942971743,0.3587451220777437,0.3649763300247014,-0.1801631343178053,-1.5727728349920307,0.3606346508978727,3.832169830208612e-06,9.309885095876973e-09,3,0.6,0.004209563691939515,0.00433972962884005,0.00170689132034128,0.009355486735814903,3.2072675321527656e-05,6.05435536132145,0.00794548811758496,6.034014983335215,6.064871502942424,-1.024560888358997,0.020972409638941425,6.057235545112383,4.098540118528369e-05,-1.0235284549897477e-07,1,0.2,0.0013072642178615368,0.0013072642178615368,0.0022156370492212407,0.006825901724458994,3.388532462695053e-05,0.2094521692416074,42.40200880146776,-97.21079628173293,57.52691925786248,-0.5927222206013494,-0.9217635459967881,0.00654932792336716,4.201909266579864,72.25433526011561,830.4,61.22744482664616,0.07373247209374538,52.236118810492535,5.144475856448846,0.0,32.249976000000004,0.011812259587383082,32.22999999999999,32.27000000000001,7.663160104442381e-06,0.040000000000020464,0.0,0.5489730272542765,2.2916486929514264
19,239,597.5,602.496,0.0,0.0,0.0,0.0,0.0,0.00017623316594785504,0.11576922758579083,-0.1439924372542262,0.7445042426161328,3.439384290858835,15.705500046600054,69.44444444444444,864.0,26.38181191654584,35.4964786985977,64.0,25.0,0.362120321737826,0.0021797655965196563,0.3587451220777437,0.3651588542052151,-0.05611707807277194,-1.5080178039431702,0.3641971884330252,7.338750483829113e-06,-1.7701047436174295e-08,1,0.2,0.0009671240542480364,0.0009671240542480364,0.00029218988443600505,0.0008063205117028224,5.570516260743077e-07,6.036576512191191,0.01369727568126203,6.019695437316727,6.058408665179683,0.3207227961213994,-1.4916383451220097,6.050317377515138,5.785918557375007e-05,-1.4529158801595333e-07,1,0.2,0.006075246663737488,0.006075246663737488,0.002519126302089688,0.006667911953437059,4.063920415852768e-05,2.764764709961052,42.25527112300913,-97.21079628173293,57.52691925786248,-0.6484687376014557,-0.8703698370510029,-0.0028056193076038466,4.148859075920679,69.18819188191881,867.2,41.89510711288372,0.04831077849732901,52.19963207662392,3.3871708124917013,0.0,32.2514,0.0047811270878193365,32.24999999999999,32.27,-6.231177107928696e-06,0.020000000000010232,-0.020000000000003126,-0.6016619434674938,0.25625256252563133
19,240,600.0,604.996,0.0,0.0,0.0,0.0,0.0,0.0026620143420765107,0.12088003906810224,-0.1439924372542262,0.7780895755203725,3.569182992644238,16.493357383424026,66.84491978609626,897.6,53.784756204709154,57.1314274283428,144.0,50.0,0.3620198473872399,0.0021788039111235256,0.3585228174512976,0.3651588542052151,0.007363495893247411,-1.5426829994963585,0.3616198179446692,1.6306027004104382e-06,4.02002762575994e-09,2,0.4,0.0030699166158975333,0.003539890866937845,0.0013381295748769101,0.006054069489608267,1.6291007211125723e-05,6.0150884483075355,0.01129311306368442,5.989206066422826,6.033960262894856,-0.6467878412331336,-0.6613715900210435,6.026393332633892,4.4499423346062676e-05,-1.0646321259338715e-07,0,0.0,0.0,0.0,0.0013037349395690005,0.0017845659761101622,9.139421253156765e-06,0.9194030132741035,44.383819714425556,-92.57491342858567,57.97555318739268,-0.5470202261959644,-1.1041050018182488,0.012098959871414992,3.822222876422472,69.83240223463687,859.2,39.93995493237317,0.046485049967845866,53.18766194104173,3.931051779416527,0.0,32.2454,0.007774153699646666,32.22999999999999,32.25000000000001,-9.177308913470234e-06,0.020000000000017337,-0.020000000000003126,0.44601537607552366,2.987482448540618
19,241,602.5,607.496,0.0,0.0,0.0,0.0,0.0,0.00012360503515874798,0.11719558305589452,-0.1437177856361451,0.7780895755203725,3.8434846777738554,18.58951317971897,66.7853962600178,898.4,59.9733274047722,75.41883053985921,164.0,100.0,0.36112341095457645,0.0022486682916599793,0.3571443930601448,0.3642381478060434,0.11597378023277566,-1.4476402095352254,0.35999706495703726,1.416820565505263e-06,-3.5648061682075694e-09,3,0.6,0.0029435880816700935,0.004242224325878674,0.001797369457455298,0.007731521772806494,2.8096582380685133e-05,5.989032764511213,0.019302954879938116,5.954918310574725,6.019667292283513,-0.08160740576763628,-1.2870663862267628,6.011427053379901,5.382789554018301e-05,-1.3445332333963125e-07,0,0.0,0.0,0.0,0.0017877024070028296,0.003352152539166557,1.823576236289596e-05,-1.4183368343509748,48.471463290882006,-99.11029702689648,62.56296698324896,-0.43542405397649925,-1.2396177213365471,0.00460891918919779,3.75163236821024,66.3716814159292,904.0,51.45872132107443,0.05692336429322392,56.83069217375808,3.1226808304862765,0.0,32.2354,0.008273081098952067,32.22999999999999,32.25000000000001,-1.1097310142246153e-05,0.020000000000017337,-0.020000000000003126,-0.15367688588607306,0.41371484408860226
19,242,605.0,609.996,0.0,0.0,0.0,0.0,0.0,-0.0020577912707891687,0.11233639429313572,-0.1461613055937461,0.7539411091970606,3.806555176670712,18.427328750772507,70.4225352112676,852.0,31.11269837220809,41.47288270665544,76.0,50.0,0.361422368366755,0.002171152024198396,0.3571443930601448,0.3642381478060434,-0.2628033091390639,-1.34575104636779,0.3636440679760837,3.5040741131792407e-06,-8.468126658942152e-09,1,0.2,0.000592229783500986,0.000592229783500986,0.00016090744381706338,0.00034993628139229566,1.5400135929753402e-07,5.956519883132915,0.01802618629374136,5.926155140877217,5.989157377383332,0.13812752094576924,-1.1722166828762282,5.98081823438786,6.305742045794315e-05,-1.5417782985048202e-07,0,0.0,0.0,0.0,0.001688795419036514,0.0027118428187623616,1.5737319817724582e-05,-3.013261034108133,46.16824063781627,-99.11029702689648,62.56296698324896,-0.38950716600922075,-1.2078062277048482,0.002089397869776672,3.9832502836849586,66.815144766147,898.0,68.93475175845634,0.07676475696932777,56.00346939045649,3.744284076393604,0.0,32.243088,0.01584603020804636,32.22999999999999,32.27000000000001,3.256080419894482e-05,0.040000000000020464,0.04000000000000625,0.3068446769702304,3.6073904451206005
19,243,607.5,612.496,0.0,0.0,0.0,0.0,0.0,-7.0109252906279455e-06,0.10970146078213713,-0.1495559735901375,0.8063491690805173,3.910802577787169,20.409162096525765,73.71007371007371,814.0,124.9063649298946,151.50445538003163,340.0,80.0,0.36061186183642957,0.002207613501095259,0.3567959785173418,0.3639745636471914,-0.24921721097512822,-1.2409398841506356,0.3592058452116997,2.379691265505163e-06,5.8997048013857245e-09,4,0.8,0.0030349375977122423,0.0047673071665289,0.001679218258149096,0.009006623314750873,3.0313922059084063e-05,5.923309582215276,0.020129688348675002,5.887345804345676,5.954860162693328,-0.1860831405709678,-1.2823472383366343,5.946968121317457,6.64241911761326e-05,-1.6467103235322194e-07,0,0.0,0.0,0.0,0.0015427885501062032,0.002649446261955671,1.3311764917809499e-05,-2.0014828767326924,44.705321768101854,-98.62946839890868,54.621781018391125,-0.5138193955059145,-1.1239348984791382,-0.012716077188407204,3.9114869417321847,74.40476190476191,806.4,126.60489721965735,0.15700012056009097,50.58961423634711,7.794885102383775,0.0,32.25244,0.01499673221011267,32.22999999999999,32.27000000000001,-1.403510658248646e-05,0.040000000000020464,0.01999999999999602,0.3392606073669825,0.6946881946881973
19,244,610.0,614.996,0.0,0.0,0.0,0.0,0.0,-4.868797182277977e-05,0.1137164962648688,-0.1495559735901375,0.8063491690805173,3.8844252300934023,19.93534444453397,69.18819188191881,867.2,135.92350790058353,177.313282074412,328.0,100.0,0.3599043928010132,0.0026201807970568404,0.3560376977515493,0.3639745636471914,-0.11401899958588278,-1.5954796077271824,0.36210537299207773,4.869970119768364e-06,-1.2044468538414374e-08,2,0.4,0.0009923885522693243,0.0018583836991357128,0.0004742919735197812,0.0009102157978241514,1.2902705750833189e-06,5.903295595049741,0.01709873456878394,5.880963865501542,5.944577101250651,0.4578170152400817,-0.7868224500791574,5.917829393093564,5.253228649514146e-05,-1.2338123757221795e-07,0,0.0,0.0,0.0,0.005583779404494397,0.011353973153824425,0.00018186861678055088,1.4681796134606833,45.18975109962427,-98.62946839890868,57.34172278553727,-0.5750229514199559,-1.052658488066777,-0.006347258935139025,3.892946626096285,68.68131868131869,873.6,58.55595614452897,0.06702833807752859,55.24723010874954,1.8259629350447861,0.0,32.253976,0.01434204769684378,32.22999999999999,32.27000000000001,1.238277912500685e-05,0.040000000000020464,0.0,0.8390909425335353,0.5068732006001255
19,245,612.5,617.496,3.5824,13.000000000000002,0.0,13.000000000000002,12.0,0.0015386243147345487,0.11994937972830273,-0.1570052683119938,0.7566012949475991,3.692131210337836,17.183532283119977,65.67425569176882,913.6,44.50617934624359,56.639209034025185,116.0,50.0,0.36023954899082117,0.0026607035207845005,0.3560376977515493,0.3637523153024696,-0.47476502909907264,-1.4212565282112892,0.3566723382253258,3.1147593022910064e-06,7.669821648675835e-09,4,0.8,0.0060432214375026605,0.0070775859692556176,0.002545490399690584,0.018219747181035015,9.876537315734506e-05,5.929653314059603,0.03261982496537981,5.880963865501542,5.963897435557976,-0.4312607392279254,-1.5288512961464928,5.882550472099157,1.3099188849758225e-05,2.8143641066439493e-08,1,0.2,0.08133947023807586,0.08133947023807586,0.032411541154496515,0.23603674260481577,0.016405108843817857,3.300660713784647,47.568834805342696,-94.7620259583853,68.73388339743217,-0.5357237103038476,-1.11867319826929,-0.0060696133733262134,3.8382053845214554,64.59948320413437,928.8,48.94078054138491,0.052692485509673676,60.255922441271174,4.7197137680121015,0.0,32.261176,0.009267577433860155,32.24999999999999,32.27000000000001,9.649291295575243e-06,0.020000000000017337,0.020000000000003126,0.5078157917171287,1.0747724876344478
19,246,615.0,619.996,13.764,31.0,0.0,31.0,26.0,0.0019062718703371086,0.11844689233615062,-0.1573530910622887,0.7424649133914809,3.702028791929899,17.26724843177514,70.2247191011236,854.4,31.445190411253673,33.58571124749333,72.0,25.0,0.35949275172195,0.002805356640484711,0.354596400333827,0.3637523153024696,-0.11250763269795042,-1.351464287781793,0.36148999284160865,2.6432314766193782e-06,-6.5838260852051696e-09,3,0.6,0.001229640192239238,0.0022603957136463904,0.0006625008895782133,0.0019788320641876684,2.9768893658943974e-06,5.948486374495276,0.011386444863716457,5.9308682884905135,5.963897435557976,-0.10064283072644613,-1.5121867477470048,5.937098039151345,1.7135625087836108e-05,-4.496687758913036e-08,1,0.2,0.026787444126322946,0.026787444126322946,0.010281363935926236,0.06120814354495299,0.0012777679855850803,-0.18260388376862866,48.893945857923796,-94.7620259583853,68.73388339743217,-0.4613306699415644,-1.2050545500485221,0.0015667233259393767,3.7754899706332665,66.13756613756614,907.2,46.938257317459076,0.051739701628592455,59.452584873773446,5.631373999636465,0.0,32.26592,0.013576072224304674,32.25,32.290000000000006,1.2490002233604163e-05,0.04000000000000625,-0.020000000000003126,0.3230578485244399,4.0871529635574575
19,247,617.5,622.496,25.3708,32.0,12.0,20.0,32.0,-2.303972644434733e-05,0.11731512149273055,-0.1573530910622887,0.7443470903907147,3.8080491008532498,18.006615137949524,67.93478260869564,883.2,64.52286416457348,71.83313998427188,160.0,75.0,0.35928350761609745,0.0025756492881126945,0.354596400333827,0.3640346639990959,-0.05449394752933931,-0.9857953517467344,0.3559394134482014,2.3811189773069652e-06,5.873009833038547e-09,2,0.4,0.00689606998633549,0.008093382803713856,0.002437750632344912,0.017156379340350424,8.856689803070425e-05,5.930440178285322,0.010084903733371687,5.910287104283974,5.952409290078373,0.09087291621616711,-0.5221952943941055,5.944427368521759,1.572143867186078e-05,-3.87105194906806e-08,0,0.0,0.0,0.0,0.0015164804568404237,0.002197951174091443,1.2469572356697888e-05,-1.3321835835821956,45.11561218966137,-91.25382566463152,57.57693465068402,-0.48114729856052196,-1.1408584497935488,0.003440109795610508,3.7520555688754413,69.63788300835654,861.6,45.307835966861184,0.05258569634036813,54.555948439100945,2.3188114876187704,0.0,32.259368,0.015120984120330395,32.25,32.290000000000006,-1.582544884827151e-05,0.04000000000000625,-0.020000000000003126,-0.43968358662559504,1.7031003996608973
19,248,620.0,624.996,15.7632,32.0,0.0,32.0,32.0,-0.0020018016878195007,0.11412024747330962,-0.1445884586445676,0.7577404796150844,3.93500519765638,19.694284639352666,67.99637352674524,882.4,86.92985678120031,101.13357503816425,236.0,50.0,0.3600102912448215,0.0024965440427207317,0.3562668780013556,0.3640346639990959,-0.10757375214061285,-1.478251003485394,0.3611667751406808,2.8668909504153333e-06,-7.075149614534113e-09,2,0.4,0.0022009888499188723,0.0028666263320977214,0.0008377006861064925,0.002794360250470314,5.071681685182121e-06,5.908717535666606,0.01534539590098459,5.883764935917329,5.930858469038673,-0.16144429997132465,-1.3981143894907095,5.922906981232967,1.2402625121260216e-05,-2.64576462682891e-08,0,0.0,0.0,0.0,0.002218867852033349,0.005478358261798768,3.06343810561638e-05,-1.6879505093699732,40.88885793478866,-89.1802926350712,56.93553779697593,-0.43848288464334023,-1.1601863194666862,-0.008979023923149193,4.043362328732423,71.29277566539923,841.6,140.01714180770867,0.1663701780034561,48.20233144057872,6.963739490124173,0.0,32.25000777142857,0.011902334157377953,32.23,32.27000000000001,7.703575069734398e-06,0.04000000000001336,0.0005714285714262246,0.052181533302802945,3.2964021386539883
19,249,622.5,627.496,0.574,18.0,0.0,18.0,0.0,-0.0020697309013131713,0.1143311845220542,-0.1586414194938054,0.7577404796150844,3.808016076885332,18.83925259697006,73.09941520467837,820.8,131.76949571126087,174.08044117591155,320.0,75.0,0.35998253567659383,0.0024032518134746534,0.3561824891194458,0.3630004361880394,-0.20392984865183886,-1.5306507182639393,0.35611848649537986,4.565325080854735e-06,1.0859955225871721e-08,4,0.8,0.004821290953629723,0.006878984883962602,0.002400543268534969,0.019319344893919503,0.00010344436986280983,5.884619775515404,0.01259504601184753,5.866313153567209,5.91023494402128,0.3006507696316383,-0.9429657083590333,5.902318790087435,4.537988596322921e-05,-1.1309014426404926e-07,0,0.0,0.0,0.0,0.0015127704674605857,0.002451976808371155,1.2650990940562236e-05,0.20406372205270146,39.16956932560149,-82.30898974368138,47.52088226630693,-0.5164137762269974,-1.095175792441106,-0.003029622587713173,3.750832229948509,69.25207756232687,866.4,65.15212966588275,0.07519867228287483,45.03368075663759,2.4533402451492323,0.0,32.247528,0.013480396818093168,32.22999999999999,32.27000000000001,-2.74001071359887e-06,0.040000000000020464,-0.01999999999999602,-0.2961394035130504,3.8473376423514907
19,250,625.0,629.996,0.0,0.0,0.0,0.0,0.0,0.0005615308564435221,0.11910070786694385,-0.1586414194938054,0.758395621142884,3.6524679241726257,16.89995482125643,67.62849413886384,887.2,89.99555544581077,108.83014288330233,196.0,75.0,0.35908389088691783,0.002443237814942141,0.3561578773041083,0.3630004361880394,0.10690657094886091,-1.466394083374798,0.3618977093893834,4.090918399562111e-06,-9.869465480467005e-09,1,0.2,0.0010945998661919254,0.0010945998661919254,0.0003203522792053299,0.0006811994954856134,6.05880360096304e-07,5.876394461749261,0.006925167441671999,5.866313153567209,5.893971759999686,0.5295100228018699,-0.3735283394012199,5.876146105587019,9.072929976470148e-06,-2.166673562738803e-08,0,0.0,0.0,0.0,0.004522213754072078,0.01452960159899384,0.0001446879010766856,3.422207391332717,45.499878514983635,-103.30127767683568,57.5807524152897,-0.6930140086411877,-0.8240458790370648,0.0004163530790624025,4.00723852736133,66.48936170212767,902.4,67.50407395113275,0.07480504648840065,50.88153114072144,4.86539087753175,0.0,32.245527441686185,0.0077061037438660345,32.22999999999999,32.25028571428572,-1.1834519077909622e-06,0.020285714285726897,-0.019302107728343287,0.4971030608301758,1.1391324367361761
19,251,627.5,632.496,0.0,0.0,0.0,0.0,0.0,0.0005969497408227403,0.12010299537853862,-0.1408382761117441,0.7689720061471714,3.658813537361435,17.089419590206685,76.85738684884714,780.6666666666666,115.50007215004962,102.40312495231774,356.0,40.0,0.35838229833180846,0.002489603635611473,0.354719535419281,0.3629098711908042,0.366159886342805,-1.3548876496450712,0.3559342820513755,2.2092140147100844e-06,5.495289690624633e-09,4,0.8,0.003374947218719837,0.006974030126293496,0.002397553954578935,0.012612559622409557,6.054602303570211e-05,5.885564667786994,0.009265892082189323,5.868799301267915,5.897233863474794,-0.3347123705690176,-1.241182121001888,5.862490602445474,4.959467738755577e-06,3.0452687857333184e-09,1,0.2,0.03474291364532256,0.03474291364532256,0.009263838683425533,0.11532040133203615,0.0030908127178573253,1.1402813548029658,46.12767587432752,-103.30127767683568,57.5807524152897,-0.6157700295879186,-0.9469562493014916,0.004544180559452727,3.977431762798134,67.75067750677506,885.6,87.8908413886225,0.09924440084532803,52.786711163649954,2.991420832450456,0.0,32.250871999999994,0.01481824838860337,32.22999999999999,32.27000000000001,2.473652783139735e-05,0.040000000000020464,0.04000000000000625,0.7059483488441624,9.10670934207208
19,252,630.0,634.996,0.0,0.0,0.0,0.0,0.0,0.0016485626757016675,0.12375718214908475,-0.1727122611664127,0.7689720061471714,3.4448007499445157,14.816113571882,78.3289817232376,766.0,40.615268065100835,36.04441704342019,104.0,40.0,0.3578358225442219,0.0025290230397193437,0.3544635842931898,0.3629098711908042,0.6469121110552356,-0.8250140972253059,0.35969223423489527,2.9591484004581423e-06,-7.217483299672833e-09,1,0.2,0.0032132755585339567,0.0032132755585339567,0.0009658327468803035,0.0024561465881702705,5.8685970239825505e-06,5.878320892744456,0.015923335104511042,5.851637263224573,5.897233863474794,-0.31836514859086407,-1.361483804347926,5.88606541037134,3.981903988153245e-05,-9.973142442424902e-08,1,0.2,0.011115655272479152,0.011115655272479152,0.0044409904675727216,0.016766681299901734,0.00015486278422934696,-2.9585402080599885,40.221931928505164,-87.0348083564605,56.14902116037175,-0.4007015412357617,-1.1245519628981127,0.0016771543166831388,4.107955660627893,78.20646506777894,767.2,29.58377933936095,0.038560713424610205,51.23268351061865,3.578032450352074,0.0,32.25888905355191,0.014897886548082261,32.22999999999999,32.27000000000001,1.3684250568806638e-05,0.040000000000020464,0.0386775956284211,0.4909163488234285,0.12251665545866786
19,253,632.5,637.496,0.0,0.0,0.0,0.0,0.0,-0.0002893485492832049,0.11580028816272686,-0.1727122611664127,0.7253614624113911,3.571491360989806,16.30184314941635,75.503355704698,794.6666666666666,70.04760286167304,74.96132336078387,188.0,100.0,0.3578499038832132,0.0027996349665852702,0.3525183911849718,0.361890809349388,-0.09395250908369909,-1.1584692300393782,0.3564579121382397,2.7584766535598077e-06,-6.896966505885584e-09,3,0.6,0.004106824880332464,0.005434938255677757,0.0021098866923103506,0.009794971032021621,4.143108245927992e-05,5.8610110501187345,0.007531618101943104,5.851637263224573,5.8810563153066,0.9035833238119247,0.008630253985247194,5.873294433834219,6.554273496379245e-05,-1.6155868004821823e-07,0,0.0,0.0,0.0,0.00129784891919493,0.0018135928515064389,9.084189564251532e-06,-2.755944946164961,45.96114532570813,-103.71386778771335,66.95521592129224,-0.4483250745842349,-0.9828606527029757,-0.0039805117627248615,4.319803071645032,78.125,768.0,41.569219381653056,0.05412658773652742,56.74876809957922,7.028847456545799,0.0,32.259536,0.00947518179197976,32.25,32.27000000000001,-1.6351324384830903e-05,0.020000000000010232,-0.020000000000003126,-0.2684431569526186,2.621644295302005
19,254,635.0,639.996,0.0,0.0,0.0,0.0,0.0,-0.002615388043015682,0.11262325102109426,-0.1500899795792008,0.7590328859850537,3.9086069445617757,19.835313118502533,74.92507492507492,800.8,107.82949503730414,109.79981785048643,272.0,25.0,0.35714356238135203,0.0030945046083108987,0.3525183911849718,0.361890809349388,0.34224964088010457,-1.4337218318124787,0.3590613328405306,2.062321129945221e-06,-5.1874964054526594e-09,2,0.4,0.002476400315355065,0.00282689823783816,0.0010355648907045658,0.003557678229040159,7.89160134663118e-06,5.847346864004647,0.012711008166927166,5.820539722996978,5.862100635951489,-0.6216981122926568,-0.9823517582717258,5.8450333243162005,4.135615614984394e-05,-1.0355205044821316e-07,1,0.2,0.017048479346128964,0.017048479346128964,0.0064707467998851385,0.034699216358841045,0.0004501728305107999,-0.2686773306645067,50.96955191437285,-103.71386778771335,68.17614518026856,-0.5600985214466581,-1.0308458647032417,-0.01357278378384821,3.865771859754192,71.97696737044146,833.6,27.509998182479038,0.03300143735901996,62.75312286611943,4.883065089069344,0.0,32.25351173333333,0.00738432622768408,32.25,32.27,-1.3875168944091063e-05,0.020000000000003126,-0.01966666666667294,0.49024308524167176,2.9481075546334665
19,255,637.5,642.496,0.0,0.0,0.0,0.0,0.0,4.19257149296568e-06,0.11877599555728184,-0.1417107713375555,0.7590357091306701,3.733717203223312,17.654088955575137,67.8119349005425,884.8,45.46647116282503,76.02631123499285,112.0,75.0,0.3573869529771359,0.0023934252972376445,0.3530630633630305,0.361384451113069,0.08495149440389685,-1.3873560607797288,0.3526477980058621,3.4655542731163437e-06,8.093660377602317e-09,3,0.6,0.006406576948810305,0.008734227979411258,0.002390846759220032,0.023680757957181806,0.00014085582574621113,5.819292543622572,0.02029662915166804,5.784008265403725,5.853262237868949,-0.07957577360169894,-1.1832428069745173,5.845225387746906,4.620620471993008e-05,-1.1454408048453251e-07,0,0.0,0.0,0.0,0.0015350264705582938,0.0025004247124710732,1.303840289018187e-05,2.7151675541592843,48.80011253614346,-99.92433443353914,68.17614518026856,-0.6214701763081435,-0.9299847877624074,-0.0033921239868380314,3.925237887853889,68.93382352941177,870.4,48.71139497078687,0.0559643784131283,62.03543849229323,5.2127751582932484,0.0,32.247583999999996,0.006282949947322386,32.23,32.25000000000001,-1.0179283314701183e-05,0.020000000000010232,-0.020000000000003126,-0.9398478901807409,1.1218886288692715
19,256,640.0,644.996,0.0,0.0,0.0,0.0,0.0,0.001053123692604044,0.11520704597714689,-0.1479957773742385,0.7590357091306701,3.7858407963545644,18.33869466542733,65.84723441615452,911.2,55.88559742903354,65.23802572120036,144.0,50.0,0.35733527910393054,0.002605053613683183,0.3534930695223657,0.361384451113069,-0.10312314188801158,-1.4909440703577317,0.35630615235297486,3.0071792851439692e-06,7.204541280491242e-09,2,0.4,0.004201291303195048,0.005077300859281042,0.00175764067954258,0.008898352124449102,3.127391621650802e-05,5.785571518408917,0.018805051251749704,5.755051654658881,5.820472945304819,0.17917009056239155,-1.1824823877751827,5.812480476616946,4.712201699315818e-05,-1.1513313175292957e-07,0,0.0,0.0,0.0,0.0013397599886726729,0.0018472169533010783,9.661711130492396e-06,2.793018057610631,50.630605184161574,-105.4483950199094,66.39648538651367,-0.6030886828580507,-0.9896762989523178,-0.00031579457119607497,3.8294103803297213,66.07929515418502,908.0,51.45872132107443,0.05667260057387052,60.616242476229644,4.51200551058168,0.0,32.250056,0.011830196325426002,32.22999999999999,32.27000000000001,7.875025840027295e-06,0.040000000000020464,0.0,0.7161570217246422,0.23206073803049776
19,257,642.5,647.496,0.0,0.0,0.0,0.0,0.0,-0.00048181347639613856,0.11324567474610342,-0.1479957773742385,0.7979310061174648,4.006431722588818,20.794164543988785,63.492063492063494,945.0,48.59355238437846,70.1237002256251,104.0,66.66666666666666,0.356164000887346,0.001830265224127996,0.3534930695223657,0.3597058022482871,0.06012804808067392,-1.5404733791654597,0.3592006493800054,8.851466305127295e-06,-2.1380386434628898e-08,0,0.0,0.0,0.0,3.374085966800563e-05,1.6343839415373984e-05,5.747551539685594e-09,5.755803255825495,0.015454326512896473,5.734651018013542,5.783963495399435,0.16161143800343225,-1.3338665448855211,5.7761294517804,6.369509804142442e-05,-1.5902219787936857e-07,0,0.0,0.0,0.0,0.0014580766408613633,0.0021795053357228067,1.1584889571526885e-05,-2.8873468619297764,50.71767905058389,-105.4483950199094,66.39648538651367,-0.4303319293634161,-1.176997904715154,-0.004093080116327905,3.8503763810177456,64.1711229946524,935.0,37.859388972001824,0.040491325103745264,58.929084794654635,4.686896471355827,0.0,32.255959999999995,0.010912625502153425,32.22999999999999,32.27000000000001,4.49082655415873e-06,0.040000000000020464,0.020000000000003126,-0.539688620337443,0.6790595025889132
19,258,645.0,649.996,0.0,0.0,0.0,0.0,0.0,-0.0007531297097229834,0.11443720562414976,-0.1447136114205154,0.7979310061174648,3.752717923803328,18.60510496985472,67.8119349005425,884.8,142.64361184434443,185.19179247472064,348.0,75.0,0.3562506647897021,0.0017994244322810154,0.3534352628972868,0.3584779641287317,-0.14076821763150935,-1.5923899400408976,0.3546284064911987,2.7829816070314793e-06,6.425236130409107e-09,3,0.6,0.0030748586549296055,0.003850220826599693,0.001578987832801905,0.008978046423850129,2.8586479647405626e-05,5.733081478670857,0.011386530192002059,5.710935473504304,5.7550084918141,-0.05726662348314992,-0.6923334003414459,5.747337848647931,4.7063052307563005e-05,-1.1282565654961116e-07,0,0.0,0.0,0.0,0.001640052855050226,0.002781470112980985,1.5002227653732282e-05,-0.03299728962894842,50.08189619503335,-107.14571993015272,68.23241979657149,-0.4742394295123061,-1.0665713507464212,0.011193381696299742,4.00224448343627,63.492063492063494,945.0,40.18291510911904,0.042521603290073054,61.19463010779448,5.654007228554781,0.0,32.2571296,0.00923443472756054,32.23430769230769,32.27000000000001,-1.3415596425743708e-06,0.035692307692322345,-0.015692307692312113,0.3232186046600132,4.319871408479003
19,259,647.5,652.496,0.0,0.0,0.0,0.0,0.0,0.0008112754617295765,0.11898717068732699,-0.2026988776757843,0.7495478731710776,3.5680530443352163,16.347852276811423,65.16072980017377,920.8,62.890380822507346,75.09993342207434,152.0,100.0,0.35627124607620625,0.0019214139129284042,0.3534352628972868,0.3595889472570706,0.23020599192700347,-1.30149189596684,0.3576295345142605,5.788858128588743e-06,-1.3890294564273084e-08,1,0.2,0.001963719711032985,0.001963719711032985,0.0005781799325377138,0.00170681032997448,2.255928301065312e-06,5.709134186113177,0.017201862750697773,5.676048930524333,5.7346276153509,-0.24078692514741937,-1.162244784196737,5.726934020648127,3.2649058370682255e-05,-8.184122536698252e-08,0,0.0,0.0,0.0,0.0019315152546459128,0.004237947274507955,2.2256706468061102e-05,2.329237850475426,55.13531369780323,-109.8169886940808,68.23241979657149,-0.5483458354713455,-1.0853982473641604,-0.0069423755267361735,3.6324907204581454,63.02521008403362,952.0,51.22499389946279,0.05380776670111637,65.68497654812946,2.219918220466947,0.0,32.249928000000004,0.012119779846775598,32.22999999999999,32.27000000000001,-1.5345274460963945e-05,0.040000000000020464,0.0,-0.6010597436855143,2.135519716140152
19,260,650.0,654.996,0.0,0.0,0.0,0.0,0.0,-0.0003795461993687933,0.11330626945804863,-0.2026988776757843,0.7527981556275749,3.8646618211894355,19.608485745434525,64.37768240343348,932.0,56.66274496233541,77.11463328491335,136.0,100.0,0.3569219508571293,0.0022971913063372664,0.3532498473998177,0.3602232528491805,-0.014649532690081912,-1.5257182593118135,0.3556131310967353,1.6682312149394484e-06,4.106618373965991e-09,3,0.6,0.0029084457984840753,0.004609003928210509,0.001798151932090927,0.008750701179541031,3.147025184936461e-05,5.676436128075289,0.02068184495867547,5.639998487512062,5.710896666119334,-0.04182827391057184,-1.211429274401653,5.702872385402233,6.811035985036729e-05,-1.698841933954236e-07,0,0.0,0.0,0.0,0.0015999814786714658,0.0025578398980675592,1.4114065644052469e-05,-3.543510768522599,54.35880348712348,-114.09656964529434,68.05594816829361,-0.448027355151094,-1.189370065050762,-0.004484982627718874,3.803600355305254,64.1711229946524,935.0,62.59925452165278,0.06695107435470886,62.580931812211475,5.954031152487164,0.0,32.24629060338984,0.013997953125179891,32.22999999999999,32.27,6.813423082237697e-06,0.04000000000001336,0.012610169491523493,0.24827488061931027,0.20655940878107515
19,261,652.5,657.496,0.0,0.0,0.0,0.0,0.0,-4.837353785634217e-05,0.11189002259565546,-0.143991061713323,0.7777704934000721,3.7605763666844263,19.06064757338995,67.56756756756756,888.0,138.88124423405776,178.4152459853137,344.0,75.0,0.35654720584503874,0.002219595278560799,0.3532498473998177,0.3602232528491805,0.24131777539777186,-1.3186760745725312,0.3584202467282545,4.955262858299815e-06,-1.187092154566115e-08,2,0.4,0.0011865968224054613,0.0017944153410345831,0.0005738352337775825,0.0014661983063936485,2.0760582162124947e-06,5.639269256877656,0.022100046241705053,5.601257250396642,5.675994925278372,-0.016292335500055568,-1.2341602675466667,5.668038923765824,6.874061205248585e-05,-1.697353139975919e-07,0,0.0,0.0,0.0,0.001608822365467476,0.0026420356753726645,1.434372695813659e-05,0.9166121775845244,55.04501031886523,-125.10589687298418,76.34391983682,-0.5803035307755808,-0.9235980998230326,0.007333613814732746,4.196492192273346,67.26457399103138,892.0,102.25458424931374,0.11463518413600195,62.4087618106802,9.903035437227455,0.0,32.249992000000006,0.011789655348710085,32.23,32.27,-7.664839465500092e-06,0.04000000000000625,0.0,0.10579437522544047,0.3029935765361813
19,262,655.0,659.996,0.0,0.0,0.0,0.0,0.0,0.0026617293221988846,0.1171676426523749,-0.1474105289128939,0.7777704934000721,3.6344334713861763,17.3146669701439,65.90509666080844,910.4,53.63580893395755,57.619441163551734,136.0,75.0,0.3558325747313695,0.0021239069886798334,0.3516144717932715,0.3589953695293654,-0.5200077464654076,-0.8178953415676231,0.3537784170811602,2.405243189895104e-06,5.831211325629205e-09,3,0.6,0.003679578828617321,0.005216311777754057,0.0016874926533518558,0.01163911643211282,4.1322608108008015e-05,5.6011183210510165,0.021894560562661616,5.561674706682006,5.639920352301302,-0.02658218440051002,-1.156046782524904,5.632125494996388,4.0942625518435675e-05,-9.612659447943707e-08,0,0.0,0.0,0.0,0.001198552733947067,0.0014788882708799862,7.623442491032622e-06,2.8650019047130066,60.12598516606139,-125.10589687298418,76.34391983682,-0.5824304872973141,-1.066366960992933,-0.008191489565629744,3.771475845692586,63.23777403035413,948.8,34.802298774649934,0.03668033176080305,70.19379413781445,4.205621798128693,0.0,32.24596379661017,0.007589227984722922,32.22999999999999,32.25000000000001,-7.162409899169643e-06,0.020000000000017337,0.0030508474576222966,0.34327895486534815,2.667322630454308
19,263,657.5,662.496,0.0,0.0,0.0,0.0,0.0,0.0012581601789463537,0.11716243381262308,-0.1474105289128939,0.7713063531177322,3.773720923816818,18.091479416157345,67.14413607878245,893.6,35.16816742453322,51.96152422706632,96.0,50.0,0.3545652926024171,0.002017212162562519,0.3516144717932715,0.3582375931157225,0.26571306185999616,-1.255316253207164,0.35638824383913986,4.8376804558090785e-06,-1.1950842988661649e-08,1,0.2,0.0018435642077055392,0.0018435642077055392,0.0005156422980476143,0.0011197898802632893,1.5798435165537274e-06,5.5626640430896925,0.02249456705926572,5.523251529731903,5.601204394171544,0.015881594370849777,-1.2347867507747343,5.5932420544979164,6.786078521538625e-05,-1.6817964810132167e-07,0,0.0,0.0,0.0,0.0014000818408295551,0.0019693632004445173,1.0581283945058744e-05,-2.3493368257088374,58.717985091619056,-116.38626422070384,73.00644517157563,-0.4234089425385786,-1.257391233505794,0.002478057958474695,3.6404560695231116,65.44502617801048,916.8,48.2825020064205,0.05266416012916721,69.004788918653,4.616080311392127,0.0,32.241448,0.013038077878736879,32.209999999999994,32.25000000000001,-7.147452894356e-06,0.04000000000001336,-0.03999999999999915,0.35763652933046247,1.6991099007719725
19,264,660.0,664.996,0.0,0.0,0.0,0.0,0.0,-0.0025025267827955273,0.1103132482248253,-0.1992522072125251,0.7726717511674148,3.9211914660487976,20.30323174232441,70.0280112044818,856.8,54.508714899546106,50.438080851673966,128.0,25.0,0.3553866215306973,0.002122148876089929,0.3511716798461931,0.358273525828479,-0.2377135313331722,-1.434850203968133,0.35288929996743135,4.4529408388176424e-07,-1.2096594836711532e-09,5,1.0,0.003776706865400248,0.005384728053367038,0.0019889817422669297,0.012946606569995862,5.329117822867767e-05,5.523024670028681,0.022810552243283506,5.483733911926727,5.561604246599723,-0.00204264913944645,-1.2665429798474517,5.553868165269354,6.82565464503724e-05,-1.6806993639707925e-07,0,0.0,0.0,0.0,0.001358533039307489,0.002016177186072792,1.0045888934078897e-05,-2.356804194720902,56.27297437076114,-117.72767173569294,73.33073388356867,-0.42923845919349574,-1.1970924230683067,-0.006397588440397945,3.856841184231282,70.82152974504248,847.2,100.53457116832996,0.1186668687067162,65.42680529423649,8.402613845979278,0.0,32.241935999999995,0.015263649157431653,32.209999999999994,32.25000000000001,9.55187811332712e-07,0.04000000000001336,0.0,-0.5771943896103133,0.793518540560683
19,265,662.5,667.496,0.0,0.0,0.0,0.0,0.0,-0.0014252468447891594,0.11435644660486184,-0.1992522072125251,0.8021770426404445,3.84309857362894,19.727531976147407,70.95553453169347,845.6,184.0347793217358,163.43806166251483,456.0,75.0,0.35487755819561917,0.0025655432396690225,0.3508150477814804,0.358273525828479,-0.169834711179165,-1.55509082596206,0.35604564753340684,2.9363698157776684e-06,-7.382757465227758e-09,3,0.6,0.001970502491288754,0.0022278172273828556,0.0007874872255351102,0.003074080199572226,4.99032501492764e-06,5.483462456617168,0.022274406229192165,5.447080920756806,5.523169715934649,0.024706946301441733,-1.2611251313792813,5.51553445330088,5.3251525048731024e-05,-1.3008969029593927e-07,0,0.0,0.0,0.0,0.0011441087029766218,0.0013895041343480617,6.934197028724631e-06,1.8518465746127883,57.84196341949431,-120.75311860134542,75.10929271694074,-0.5235004301972805,-1.0719032747771402,-0.00237314497476261,3.832056216267343,71.22507122507123,842.4,96.1914757138074,0.11418741181601069,68.9225870792957,7.02191119412316,0.0,32.244168,0.01173353134721786,32.21,32.25000000000001,5.695993405425666e-06,0.04000000000000625,0.019999999999988916,0.6258788986143166,0.2695366933777592
19,266,665.0,669.996,0.0,0.0,0.0,0.0,0.0,0.0005496562074712816,0.1265163830153945,-0.1513354699932708,0.8127958614126621,3.7782694425791385,17.80183810699653,62.65664160401003,957.6,48.46441993875507,66.87301398920195,108.0,50.0,0.35370251540172687,0.0018322088835614407,0.3508150477814804,0.3564886480153455,-0.0459656553098274,-1.4324110426770422,0.3510464017072278,2.9657178197767925e-06,7.043095679587861e-09,3,0.6,0.00400639036062735,0.005440157250267363,0.0018152285108290088,0.013329888936602648,5.2001964956952585e-05,5.445430730130275,0.021765684616405618,5.403408096842289,5.483655997768972,-0.09638787875652534,-1.0811046051571158,5.47603597246719,8.88533904373034e-16,4.520999979545124e-18,0,0.0,0.0,0.0,0.001210028979699272,0.0015446884939944391,7.801669390883783e-06,4.021320125999658,63.06005867514715,-128.09908489385245,82.06830550828619,-0.6096673242685783,-1.0321952306813054,0.002264788138106392,3.7419790820206167,65.21739130434783,920.0,61.57921727336261,0.0669339318188724,76.03591978889965,4.329690055204969,0.0,32.2383165,0.009728239145590881,32.22999999999999,32.260625000000005,-1.9856389668083304e-05,0.03062500000001478,0.010625000000004547,-0.37739432181999705,2.5607497003378015
19,267,667.5,672.496,0.0,0.0,0.0,0.0,0.0,0.0004733500716475077,0.12279138166601847,-0.1499809713409578,0.8127958614126621,3.744856854592527,17.750341906708865,65.90509666080844,910.4,76.34657818134353,67.7347768875044,168.0,25.0,0.3541512767846307,0.0018719421192310507,0.3511492637159853,0.3571938867606025,-0.038779987017417396,-1.3202122271506245,0.35355785806900675,2.7686674001524664e-07,-6.538181291274538e-10,3,0.6,0.0022093427377503825,0.0036363314120028134,0.001278448015451229,0.005640158338271276,1.4544855735576251e-05,5.406739051491791,0.023286092756278846,5.36602258528927,5.447032007358084,0.045317346316954436,-1.1828633284332142,5.439080565393735,6.697092748186767e-05,-1.619919399597927e-07,0,0.0,0.0,0.0,0.0014573081038327105,0.002107582081665928,1.151175134916051e-05,-1.8246743939471923,64.05683716557213,-132.14555521945624,82.06830550828619,-0.4681890609350906,-1.157239421383823,0.0003213137779311261,3.801948346586542,64.43298969072164,931.2,61.01803012225157,0.06552623509691964,74.00034180850231,8.84219283095,0.0,32.238048,0.015187968904829298,32.22999999999999,32.27000000000001,6.686949559659867e-06,0.040000000000020464,7.105427357601002e-15,0.041203362976921815,1.4721069700867986
19,268,670.0,674.996,0.0,0.0,0.0,0.0,0.0,-0.00032560548081539257,0.11162061436314342,-0.1433667745931568,0.7522852692535118,3.677985302177117,18.12377947712367,69.50880444856348,863.2,175.25752480278842,138.26062346163494,460.0,75.0,0.35418144021241316,0.0022306022264229437,0.3506563618966554,0.3582098122614383,0.19163710713648063,-1.2316510647893653,0.35097135512634187,3.156837296499252e-06,7.769284975636627e-09,3,0.6,0.005369566723264311,0.007236008085262424,0.0022046122887457525,0.01613112403632117,7.632760602385563e-05,5.366568592860651,0.02278547937996175,5.32810755544989,5.403315610648945,0.005039589443479037,-1.2945574279758925,5.3961328532206725,3.506880314132113e-05,-8.712252247947586e-08,0,0.0,0.0,0.0,0.0013787830055516572,0.0024306689736278337,1.0693060206808163e-05,-4.870292614616521,61.18938052689661,-132.14555521945624,80.63768213588925,-0.40098664856904936,-1.1771905704275287,-0.002957607688574377,3.964993457262529,67.11409395973155,894.0,64.20799534845071,0.07182102387969878,70.60267482171004,7.653531757501978,0.0,32.24175576666667,0.014883109804898714,32.22999999999999,32.27000000000001,-2.0364045416987964e-05,0.040000000000020464,-0.015916666666669244,-0.18693368529705592,2.394710488831933
19,269,672.5,677.496,0.0,0.0,0.0,0.0,0.0,7.674333320752478e-05,0.11678353940446524,-0.1763840165848401,0.8449423094165261,3.699290935970855,18.386264806009127,68.36827711941659,877.6,124.9191738685459,195.50959055759898,348.0,75.0,0.3527573176265543,0.0025233060204505526,0.3499787883555474,0.3582098122614383,0.8214183079133036,-0.6670349835762588,0.35657985837843653,5.828408635571058e-06,-1.405918384898332e-08,1,0.2,0.0016271178464538627,0.0016271178464538627,0.0003683880675319552,0.0006176613578014084,7.545884782100083e-07,5.327697535754293,0.021787167481410175,5.290312165731336,5.365947244467001,-0.012817644057415563,-1.208908972129311,5.358490836869115,4.408500543671213e-05,-1.030110010859185e-07,0,0.0,0.0,0.0,0.0011713599495149496,0.0015199634954644755,7.32593525993885e-06,2.5329146655522643,57.165757257708066,-121.7574954228253,74.37603699283909,-0.5833680949651963,-0.9988595904760982,0.002294498490165055,3.888410353759565,68.36827711941659,877.6,159.68969910423152,0.1819618266912392,63.93415250320495,12.124293757941684,0.0,32.244296,0.00846665903239303,32.23,32.25,1.1823695247176208e-05,0.020000000000003126,0.01999999999999602,0.6403882627681545,0.0
19,270,675.0,679.996,0.0,0.0,0.0,0.0,0.0,-0.00032664751307168665,0.11655388744854882,-0.1763840165848401,0.8449423094165261,3.7881249342456047,19.05064965962655,64.99133448873484,923.2,103.51425022672,128.8565093427569,244.0,75.0,0.35267086863158303,0.001888802229000328,0.3499787883555474,0.3560142322394192,0.14864221029120725,-1.2465340061761667,0.35029867050432273,6.453435530763647e-07,1.566369176858867e-09,4,0.8,0.0034349092485197324,0.005715066297081073,0.0018603167390728085,0.011954139248896104,4.592544601287112e-05,5.289582150890862,0.022351541997874532,5.249729199912605,5.328053700247812,-0.034417780401391956,-1.174773280340284,5.320405783151749,5.6151670808980166e-05,-1.374063427821645e-07,0,0.0,0.0,0.0,0.0013414432949629199,0.0018843120653420638,9.711614556249872e-06,1.4550832457386809,56.329014840095375,-121.44612209729952,72.1475759815085,-0.5373964604302236,-1.0400332105106977,-0.01718589512241607,3.9062828702720696,63.184498736310026,949.6,83.40743372146154,0.08783428150954248,65.69670868048271,5.929587057461424,0.0,32.23361573333333,0.019120023228237925,32.209999999999994,32.25,-4.524272361133144e-05,0.04000000000000625,-0.021000000000000796,-0.9520814087980782,1.80683575242481
19,271,677.5,682.496,0.0,0.0,0.0,0.0,0.0,-0.00017670394588582727,0.11358871539460014,-0.1666252212960466,0.775430859215063,3.8208746271484113,19.292314044582053,61.162079510703364,981.0,52.59911279353167,72.07403600927776,116.0,66.66666666666666,0.3524290243309114,0.0023364098967660193,0.3488169089484431,0.3560142322394192,-0.10949379451106413,-1.4363737600910562,0.3528970193052132,1.9114863796758722e-06,-4.9872381048069716e-09,3,0.6,0.0018184852554697188,0.00311777699782545,0.0010125109199212992,0.004022396170894396,8.3593153774556e-06,5.252249994962677,0.020859193916488647,5.218209373918391,5.290265093605142,0.1674047266231077,-1.1672159560322461,5.282473701602399,4.2523795281475256e-05,-1.0240077390890709e-07,0,0.0,0.0,0.0,0.0014694846636298224,0.002126401319891086,1.1705696110379189e-05,-1.2684508476788965,57.549773070662475,-122.39176519465012,70.55228126419233,-0.5105355015480124,-1.0681609603094173,0.008016261646188811,3.8326707808260316,61.72839506172839,972.0,67.96077299933151,0.06991849074005299,63.672716920289155,5.063463342293969,0.0,32.227616000000005,0.015734913037813953,32.209999999999994,32.25000000000001,2.028758290406472e-05,0.04000000000001336,-0.020000000000003126,0.6731987263728335,0.5663155510250277
19,272,680.0,684.996,0.0,0.0,0.0,0.0,0.0,0.0008242878136929449,0.1223213492481453,-0.1666252212960466,0.8047433797368546,3.745560475502877,17.647425949478635,62.29235880398671,963.2,58.95082696620973,83.33066662399864,160.0,75.0,0.3519734841938359,0.0023893398710926857,0.3488169089484431,0.3559233628287994,0.3435148895055185,-1.4740294470162318,0.3550430437191211,9.134700510215613e-06,-2.199959624673173e-08,1,0.2,0.0008871859263789861,0.0008871859263789861,0.00022840825986069962,0.0004232974240264083,2.968288739002409e-07,5.216676653442164,0.02027344160163282,5.178801723853712,5.249655903505447,-0.1705567189272429,-1.1893273220686222,5.242657187319749,3.740101965392887e-05,-9.00591410464693e-08,0,0.0,0.0,0.0,0.0011537608769312511,0.001670947259346649,7.218156969906051e-06,1.2058475235758324,57.77267365421442,-122.39176519465012,69.22260195929118,-0.6090984004044088,-0.9504308721836434,-0.00594887638416926,3.8058777408193425,63.50550381033023,944.8,84.30421104547507,0.08922968992958835,62.08147933598391,4.9166758443350345,0.0,32.23796,0.0091370419366876,32.225,32.25000000000001,-7.586923255597602e-07,0.025000000000005684,0.0049999999999954525,-0.6967318070871645,1.2131450063435238
19,273,682.5,687.496,0.0,0.0,0.0,0.0,0.0,-0.0008587581252574711,0.11221726004373431,-0.1583223279349715,0.8047433797368546,3.9378846417862383,20.411281158223414,63.09148264984227,951.0,55.6536911025076,65.52353266829661,136.0,100.0,0.35352043236525854,0.002445328805935974,0.3491010437938643,0.3564200995831921,-0.6426417141050598,-1.1711361076224829,0.3503034756812128,3.7945447052465557e-06,9.279047711022189e-09,3,0.6,0.005348310924879622,0.00611372555676859,0.002226202847749646,0.01676675642659839,8.098502536537183e-05,5.180024159057197,0.02208356765103058,5.142437415270927,5.218175317085483,0.05351693430806357,-1.2062709677636014,5.2104143833890575,4.829528472021917e-05,-1.1737658233196894e-07,0,0.0,0.0,0.0,0.0015406633235002431,0.0023133729118756338,1.2943216841879692e-05,-2.671069555539817,59.36365005513846,-121.4107627484396,69.22260195929118,-0.5256485338654542,-1.1052359672525822,-0.010039951738967207,3.677691914948197,62.11180124223603,966.0,67.68554744798429,0.07006785450101893,62.922321264070376,5.314301390421933,0.0,32.236136,0.008672500073490413,32.22999999999999,32.25,-2.7152913377823847e-06,0.020000000000010232,0.020000000000003126,-0.043410453679683304,0.9796814076062432
19,274,685.0,689.996,0.0,0.0,0.0,0.0,0.0,0.0004246768060012926,0.11402645157004035,-0.1583223279349715,0.7687485025386745,3.7202379641483017,18.745664329652957,67.56756756756756,888.0,93.68030742904295,121.12803143781376,228.0,50.0,0.35274358750893353,0.0024562574481907136,0.3491010437938643,0.3564200995831921,-0.06085977613738187,-1.504930511529076,0.35500300431775483,4.351729114599416e-06,-1.084670479134513e-08,1,0.2,0.0014143548594127697,0.0014143548594127697,0.000403698015051357,0.0009093382660203033,9.798994242353646e-07,5.142314205832658,0.021367959598830283,5.105331130894671,5.178733674656071,-0.02058173076634576,-1.2036853909812315,5.171538717033087,5.1893379971992156e-05,-1.2688130845032357e-07,0,0.0,0.0,0.0,0.0012367735229215269,0.0018291524070533696,8.321437174994975e-06,1.8127186352560063,55.36342077187695,-121.4107627484396,68.63180359802891,-0.6418554494471811,-0.9256813727529032,0.008096961760739796,3.916735870684669,67.26457399103138,892.0,134.40238093129153,0.1506753149453941,60.80941166875211,8.091534845534326,0.0,32.242152000000004,0.009604352125610414,32.22999999999999,32.25000000000001,2.2870122796866066e-05,0.020000000000017337,0.020000000000003126,0.3749844689261441,0.3029935765361813
19,275,687.5,692.496,0.0,0.0,0.0,0.0,0.0,0.0027890676575388837,0.12201561334528166,-0.1558741812879545,0.7687485025386745,3.598293085856676,16.428276772356355,66.7853962600178,898.4,40.25916044827562,45.91296113299599,108.0,50.0,0.352105774616639,0.0018280710114075274,0.3488316404589184,0.3547604495683442,-0.2226353419720093,-1.3980117837645902,0.3493889936107363,2.6064757730786636e-06,5.852214378382205e-09,2,0.4,0.0052911849466937,0.005370886162111288,0.0017856060355613188,0.013708495719276265,5.351668499458479e-05,5.105085215513966,0.021648641457895645,5.067345101089418,5.142374507121517,-0.023158710352640687,-1.2041195489287102,5.1351069481206215,4.2242796816494866e-05,-1.0341302272710011e-07,0,0.0,0.0,0.0,0.0012059770561110722,0.0016071436162066934,7.791898530795018e-06,3.0895050282028818,55.63965520258797,-116.76554675915294,68.63180359802891,-0.602074164147746,-1.0371115084592362,-0.007261486458182183,3.745608888759619,65.27415143603133,919.2,36.48561360317242,0.039692791126166686,65.02974204857854,2.9724306370129305,0.0,32.247864,0.005914928739595672,32.22999999999999,32.25000000000001,-9.139379929185094e-06,0.020000000000017337,-0.020000000000003126,-0.09643415394541702,1.5112448239864733
19,276,690.0,694.996,0.0,0.0,0.0,0.0,0.0,-0.0008424247603109559,0.12261349434117942,-0.184472679834668,0.8023699374261675,3.8048960501204037,17.804365140323483,67.87330316742081,884.0,66.15134163416491,81.6333265278342,172.0,75.0,0.3517404070439979,0.0020471931956778278,0.3483857964025361,0.3546021526828192,-0.3459308101203094,-1.4540647431829106,0.3526689258518675,1.521782183690758e-06,-3.83339904791177e-09,3,0.6,0.0010967032867231403,0.0019319251871143805,0.0005647357440279005,0.002192792248193279,2.556663495186446e-06,5.068990188235152,0.020316607864869198,5.033646684858148,5.10529095504814,0.0847117520221195,-1.1320050700877746,5.097767081618782,5.217959336412744e-05,-1.266841020689558e-07,0,0.0,0.0,0.0,0.0014387422728101443,0.0021117226039797715,1.1245993199959711e-05,-3.9031449895478763,59.51260783477926,-119.203809629628,67.83065206601037,-0.43280838971140884,-1.252410043617455,-0.0005862038858791454,3.5441388450564095,67.26457399103138,892.0,33.14614105241614,0.03715935095562348,65.80900499840409,2.0803985687141595,0.0,32.24588931147541,0.007505285512953919,32.22999999999999,32.25000000000001,-5.114393096278505e-07,0.020000000000017337,-0.011803278688525154,0.2515061143740685,0.6087291763894314
19,277,692.5,697.496,0.0,0.0,0.0,0.0,0.0,-0.0012983430729944343,0.12444972195877607,-0.184472679834668,0.8023699374261675,3.8432623134431365,18.204866860061788,71.77033492822966,836.0,71.386273190299,84.23775875461075,172.0,100.0,0.35147215976681073,0.002063326504908846,0.3483857964025361,0.3551686334231195,0.07001645459468119,-1.3844057152385782,0.3486845174477953,2.472082037449362e-06,5.559393495961175e-09,5,1.0,0.003649233249408146,0.006482521400591468,0.002041529809356249,0.01400918902109537,6.0078455175599736e-05,5.039227290934291,0.0161374781685835,5.016993765616735,5.068735828739198,0.1601234992171702,-1.3275569221746584,5.060133459447886,3.753971111966268e-05,-9.041716050605756e-08,0,0.0,0.0,0.0,0.0015548937655865053,0.0026531026534078205,1.3520085613616635e-05,-0.8531455581175814,54.779369866857294,-119.203809629628,68.18965212053158,-0.5146152538631688,-1.0414954161343353,0.00252822250789013,3.926253481571146,72.8744939271255,823.3333333333334,128.534301517792,0.15611453625642752,60.61868546832036,8.19385232409782,0.0,32.246024,0.013733809457592205,32.22999999999999,32.27000000000001,6.21342093662103e-06,0.040000000000020464,0.0,-0.5102023039923029,1.1041589988958407
19,278,695.0,699.996,0.0,0.0,0.0,0.0,0.0,0.0021542257354805593,0.11932581764333178,-0.162917133544462,0.7802485408895283,3.6841006746489997,17.339719434427234,74.81296758104739,802.0,176.48569347117063,173.26049751746646,468.0,60.0,0.3515673890230367,0.0021835148973431786,0.3479637446641921,0.3551686334231195,0.06891298008721748,-1.3044157940507184,0.35270020374825534,2.6270098119227345e-06,-6.243347906436858e-09,2,0.4,0.0019774601291867033,0.0024652477935966366,0.0007712447547633246,0.00246313799387762,4.189769178134184e-06,5.173540989297741,0.17672822106710054,5.016993765616735,5.501792243963993,0.6873930988605678,-1.1719582540139466,5.029281724704925,2.1162511887244694e-05,5.1381584573963795e-08,0,0.0,0.0,0.0,0.17433351791408105,0.7342205065711576,0.25993553125456653,0.022415705997412442,52.0395740447686,-111.52973595592772,69.35952840646888,-0.5178759855851767,-1.0200365490591716,-0.020315667232124253,3.991104315076999,71.63323782234957,837.6,74.81176378083865,0.08931681444703754,62.83007239105976,4.817559632564861,0.0,32.245898750063056,0.013807292473362277,32.22999999999999,32.27000000000001,6.275900397296101e-06,0.040000000000020464,0.0010542244640632248,0.29620079499174495,3.1797297586978175
19,279,697.5,702.496,0.0,0.0,0.0,0.0,0.0,-0.0011449294764682893,0.11151173303430476,-0.1336577367083865,0.7528144263013398,3.785065619864056,19.08301755633278,74.56503728251865,804.6666666666666,99.3874572904784,151.1132025999052,268.0,80.0,0.35190333256206124,0.0021019063811087437,0.3479637446641921,0.3550517977501266,-0.40591230667251876,-1.0351697864069658,0.34860275834545584,3.4130603611878195e-06,8.158709449212242e-09,5,1.0,0.004651309060860964,0.006447015306766279,0.002027295282747203,0.016710801989927773,7.63865029730915e-05,5.415372531576598,0.1370064508976617,5.06929172534858,5.52300903501812,-1.2300977080754087,0.0905524059196332,5.079519407482496,0.0004133398644129524,9.94380713602749e-07,1,0.2,0.4431949264750985,0.4431949264750985,0.13644560348298285,1.6787588645902192,0.657202198191142,-1.2340796806422165,45.284123726224685,-111.52973595592772,69.35952840646888,-0.5922594924208677,-0.5762187333914861,-0.00806018946792113,4.739637979047201,73.0282375851996,821.6,127.23521525112456,0.1548627254760523,48.15953593358308,14.857743943903154,0.0,32.242064,0.009075747297647527,32.22999999999999,32.25000000000001,-3.927493073582762e-06,0.020000000000017337,-7.105427357601002e-15,0.7522753282838053,1.53679969731904
19,280,700.0,704.996,0.0,0.0,0.0,0.0,0.0,-0.00016440278446936283,0.11813845479107984,-0.1435679295904196,0.7528144263013398,3.7912089262428363,18.097145942006765,75.75757575757575,792.0,116.2067123706716,150.16790602522232,324.0,40.0,0.35119483556718917,0.0019440613251432935,0.3485457548235633,0.3550517977501266,0.2520965363122746,-1.1635567654813945,0.3539728675570965,4.079422188818586e-06,-9.978586275958717e-09,1,0.2,0.0010688336340746174,0.0010688336340746174,0.00023488713403797668,0.00032718091035582604,2.9725780947979233e-07,5.476060538239808,0.039023007438741965,5.402971398790485,5.52300903501812,-0.3605320640777254,-1.3129588794289502,5.493566456954695,8.420834692516506e-06,2.034392822611781e-08,1,0.2,0.029451535592770917,0.029451535592770917,0.011327534287230113,0.043665220130064686,0.0010226772556566912,1.2371524133388223,40.11719166771098,-95.07460662626188,61.1657339244292,-0.6613753603365361,-0.6333781656919717,-0.013918507564165608,4.53579888180224,69.70260223048328,860.8,37.02971779530598,0.043017794836554345,47.46814822118907,11.098453065803746,0.0,32.24210368846154,0.00910253419261558,32.22999999999999,32.25000000000001,1.4135799781676776e-05,0.020000000000017337,0.0010721153846162679,0.5104734340854605,6.054973527092471
19,281,702.5,707.496,0.0,0.0,0.0,0.0,0.0,0.0023588903119615492,0.12247030473702399,-0.1435679295904196,0.7509781666809288,3.6278704510099304,16.04156714271824,73.58953393295175,815.3333333333334,25.974346318370873,29.010342983149993,60.0,20.0,0.35142843033711146,0.00194256035941543,0.3485457548235633,0.3544313837342182,0.022597721178455973,-1.4679303088735893,0.3484918875829339,1.751648242617527e-06,4.321139999549021e-09,4,0.8,0.0034594445654119316,0.005938296059745829,0.0019411364241709874,0.014672173754812626,6.194139777931132e-05,5.406342000126743,0.04081259197008296,5.34342434452601,5.484185518704088,0.20101324050829175,-1.1618604797281646,5.475273906015258,8.750157351110397e-05,-2.1066771494659697e-07,0,0.0,0.0,0.0,0.0010605074984148658,0.0009819119270230293,5.818570326695975e-06,-0.36549115036399416,48.58132739298363,-100.71566305672876,67.03072466635022,-0.5752205797831291,-1.0247807843592114,-0.015091722033643732,3.9555417193580764,72.04610951008645,832.8,44.75712233823797,0.0537429422889505,58.369662206549435,9.42581308905238,0.0,32.246024,0.013819058020835401,32.23,32.27000000000001,7.377627761685016e-06,0.04000000000001336,0.0,-0.8404643473968507,1.5434244228653
19,282,705.0,709.996,0.0,0.0,0.0,0.0,0.0,-0.0026583834029738364,0.11181809318092718,-0.1345251015798498,0.7928417942558598,3.938010125847329,20.29518094038319,75.45271629778672,795.2,128.72917307277322,140.72668545801824,332.0,100.0,0.350942724044977,0.002824127578490518,0.3453090177592213,0.3544313837342182,-0.5592938075972401,-0.9964861130431757,0.35193266997051204,7.691796236316174e-07,-2.0404573503683946e-09,3,0.6,0.0021229179387682686,0.002497510139191861,0.0008511282537463002,0.003630482186844241,6.256762247322624e-06,5.344486284766774,0.03095951132578732,5.295940704535823,5.402836720926231,0.163424024483501,-1.1664308308304263,5.3948799681410415,6.942894439751569e-05,-1.7296552409643622e-07,0,0.0,0.0,0.0,0.0009765360175267206,0.0009501785016302585,4.950819438792717e-06,-1.2213128009820087,47.01000960894877,-100.71566305672876,67.03072466635022,-0.5269085155942433,-1.06216190033235,-0.013766400952236997,4.088951184301712,73.45739471106758,816.8,29.718680993610736,0.03638428133399944,58.413450342814365,6.3908695277735506,0.0,32.234201173076926,0.018726746290365345,32.209999999999994,32.27000000000001,-2.2884255704379654e-05,0.060000000000016485,0.0013942307692289546,0.7131301450848871,1.9953215867191432
19,283,707.5,712.496,0.0,0.0,0.0,0.0,0.0,-0.0022854782788976793,0.11323633344191612,-0.1338568253082347,0.7928417942558598,3.9828751926684625,20.61567710277325,71.15749525616698,843.2,146.51689322395558,170.90348153270605,380.0,75.0,0.3502506842186617,0.002454468628936835,0.3453090177592213,0.3544146495131289,-0.3214892923020824,-0.682508141346712,0.3525537065304846,7.450737744944835e-06,-1.7881033889507104e-08,1,0.2,0.0008499568339693231,0.0008499568339693231,0.00046421122517206927,0.0009628242880883977,1.2640913034107072e-06,5.2959826713965015,0.025563379014192675,5.253055869522262,5.343345885446587,0.10076140920285838,-1.1136899007737877,5.335379808696165,5.881505780587426e-05,-1.4308562058480546e-07,0,0.0,0.0,0.0,0.0012205934787309386,0.0014747121964550321,7.88748719130508e-06,3.0532138808759495,45.1138082503202,-95.08529410600164,60.71224548054101,-0.6627497725384173,-0.8751751646278745,-0.002217615906301637,3.9323663265341264,68.36827711941659,877.6,67.50407395113275,0.07691895390967725,55.658526358585476,4.25957805336213,0.0,32.226048,0.014154002675271397,32.209999999999994,32.25,3.84422134032997e-06,0.04000000000000625,0.0,-0.4558951382414645,2.7892181367503923
19,284,710.0,714.996,0.0,0.0,0.0,0.0,0.0,0.0011809595780152865,0.12197696461320487,-0.1385614687095501,0.7971494082371473,3.842876540004067,18.406440155166102,66.07929515418502,908.0,39.496835316262995,40.496913462633174,96.0,0.0,0.3517097341478934,0.002308191101818596,0.3480169364353069,0.3547294843262419,-0.14161552052141152,-1.3469435528737546,0.3486683110672218,3.7854389527191137e-06,8.903300439197674e-09,2,0.4,0.00601485196035359,0.006058523862156218,0.0022037191568688263,0.01555635339838322,7.266548653458916e-05,5.252647086473556,0.02474932725857339,5.211021948360477,5.295865459595459,0.0037538570787092663,-1.211827317544323,5.288275537693146,4.8217534819432104e-05,-1.1702929585006938e-07,0,0.0,0.0,0.0,0.0011657901746761365,0.0014283464281750291,7.206491546445892e-06,3.336662020335606,46.39867547027068,-95.08529410600164,60.71224548054101,-0.5944205291186363,-1.034949675850623,-0.0028838812275225295,3.763383501274496,65.84723441615452,911.2,37.67227096950754,0.04134358095863426,56.846160915569065,3.0118764551525192,0.0,32.234059076923074,0.014117294803829353,32.209999999999994,32.25,1.0253806931607524e-06,0.04000000000000625,-0.0014568764568778647,0.07485252802860405,0.23206073803049776
19,285,712.5,717.496,0.0,0.0,0.0,0.0,0.0,0.0022596048138169927,0.12729444498676384,-0.1397301634972328,0.8445730399961932,3.9529636945330866,19.012140990221734,65.67425569176882,913.6,55.25214927946242,68.61486719363377,136.0,75.0,0.35126802012531205,0.0023277423056156923,0.3480169364353069,0.3547294843262419,0.17108706201561438,-1.3893671688863456,0.35372310461932077,4.40628934130213e-06,-1.042660746533414e-08,2,0.4,0.0009556808705893094,0.0010026313513000762,0.00034894902986376303,0.0009627151436661497,7.942308124623587e-07,5.211834937052122,0.022686940953137207,5.173577683333391,5.252987928279283,0.06341179527707425,-1.135611877018595,5.245387314754445,5.896323835243578e-05,-1.4393857505611045e-07,0,0.0,0.0,0.0,0.001202110559187373,0.001511059342677326,7.685257700537298e-06,-1.4540360081121564,45.57951356713727,-94.81532688131702,60.85170093113665,-0.4214539085145389,-1.2296704882712572,0.005869829343534653,3.8508182060352594,66.90454950936665,896.8,49.428736581061834,0.05511678922955156,55.63559687776145,3.557989683616966,0.0,32.239992,0.009128207995196341,32.22999999999999,32.25,9.991276794501233e-07,0.020000000000010232,0.020000000000003126,0.4232356962061436,1.2302938175978255
19,286,715.0,802.108,0.0,0.0,0.0,0.0,0.0,0.0017844032343657936,0.12409479720852362,-0.1397301634972328,0.8445730399961932,3.918370180305408,18.849018330841986,73.11129163281885,820.6666666666666,156.59203896324573,174.92398348997202,404.0,80.0,0.3519909233404698,0.003661171549143953,0.3435545453206974,0.3610803119275864,0.38918590138719805,0.8025614052927472,0.34826622886562253,3.40418167999628e-06,7.907096589355432e-09,3,0.6,0.006789177113324181,0.012811762801139603,0.0032160396035833543,0.01993086294674689,0.00013112683227304943,5.517191303074918,0.9516502847265992,5.029477612009822,8.921501464896476,2.690762281601932,5.773570849782992,5.2035528512020885,3.810215685630405e-05,-9.330017145676698e-08,0,0.0,0.0,0.0,0.9404224918120896,1.7042441768759398,5.004414526276874,-1.6064316277018595,43.87429387808928,-94.81532688131702,60.85170093113665,-0.4339245770642635,-1.1800337289924603,0.0047361369677421375,4.012136374893426,69.89748369058714,858.4,107.2417829020014,0.12493217952236883,52.09026116311012,6.709418850584942,0.0,32.226424,0.0387808143575796,32.11,32.25,-6.434008085763132e-05,0.14000000000000057,-0.12999999999999545,-0.5582173384560214,3.2138079422317105
19,287,717.5,804.608,8.8736,30.000000000000007,0.0,30.000000000000007,30.0,0.00014128538237222159,0.11452624404957142,-0.1368953009639347,0.7439818859660523,3.7486723286352004,18.479429940066773,76.27118644067797,786.6666666666666,91.65733285813344,145.2391131892508,220.0,80.0,0.35087921445046755,0.00431747422508695,0.3435545453206974,0.3610803119275864,0.487033927387873,-0.047092759708760035,0.35234742659657314,1.1515632039372216e-06,2.8859283240995404e-09,1,0.2,0.008733073678158676,0.008733073678158676,0.002327721146172158,0.005503750983165555,3.312970703902148e-05,7.287847351570775,1.7023018286504936,5.029477612009822,8.994604742922236,-0.3869221593323327,-1.7778424560021195,5.239613723216427,0.0014605773998583467,3.548428731351256e-06,1,0.2,3.6873161421730387,3.6873161421730387,1.6573901685172105,10.405947064968156,35.41173129040108,-2.342661152408519,46.58712471375064,-98.2595075649128,117.83911165737348,-0.018313196766643995,-0.42959746069473814,-0.013566914774039733,5.573903145763482,70.88846880907373,846.4,165.7612741263773,0.19584271517766694,55.6410761839875,31.591151345686225,0.0,32.156592,0.06516767256590107,32.09,32.25,-0.0001580316045002103,0.1599999999999966,-0.14000000000000057,-0.8048212733893577,5.382717631604237
19,288,802.112,807.108,20.8972,30.000000000000007,0.0,30.000000000000007,30.0,-0.003036374863557294,0.11292963865616727,-0.1368953009639347,0.7439818859660523,3.6758703792470784,17.852128197827568,73.96449704142012,811.2,129.56542748742814,140.34243834279067,312.0,50.0,0.36976067341236,0.033892392628706136,0.3435716672135361,0.4562039387095606,1.4293961078346549,0.5026777295640525,0.3436433956453577,1.0021214176479704e-05,2.404105891759092e-08,2,0.4,0.006554686009851929,0.0065854208220342825,0.03388741830563818,0.1303619835538269,0.009147789769941413,8.937986618065555,0.2272017524499648,8.607886082509701,9.268147118003252,-0.018943328742345368,-1.4853975377796589,8.893927568317105,0.00020660106915485315,-4.951341775470935e-07,2,0.4,0.2037803678569272,0.37436115511392387,0.13971835903456786,0.6314747140265718,0.17734165673949928,0.7367531076902989,39.53683329554429,-98.2595075649128,117.83911165737348,0.02123085191917879,0.962562022779017,-7.332209449956826e-05,7.259928811017764,63.492063492063494,945.0,177.09884245810304,0.18740618249534713,50.940067372435266,40.212034365122605,0.0,32.10556000000001,0.007729829506357744,32.09,32.11,6.152636257708391e-06,0.01999999999999602,-0.01999999999999602,0.36827663802183574,10.472433549356623
19,289,804.612,809.608,22.7008,30.000000000000007,21.0,9.000000000000007,28.0,-0.00262424040459942,0.12164215258284083,-0.134527372138453,0.7897312000971586,3.75608965946272,17.536495540624504,69.18819188191881,867.2,24.560130292814,32.61901286060018,56.0,25.0,0.42517705340887607,0.0431944264250753,0.3510390505159374,0.4636246421054529,-0.728146171996837,-1.211501418430939,0.35386936134679847,7.037501122317503e-05,1.7013647059343961e-07,2,0.4,0.10945195702601199,0.10970932889916213,0.04300145311279389,0.35672104726622306,0.03471600690520008,9.00840297660527,0.1630902519898405,8.680114597386904,9.268147118003252,-0.04241247868389833,-0.9109846931099517,8.961605386244258,0.00026347504098383904,6.263776910243432e-07,1,0.2,0.306904155234232,0.306904155234232,0.11180275864782588,0.45772364617814404,0.10436499599918926,3.108059847407366,25.00749466100929,-53.46742916270549,58.39392206870991,-0.46268283698776874,-0.5788826939866119,-0.008998692821005964,5.204379910602478,68.99724011039558,869.6,168.96390147010692,0.19430071466203647,32.14549356627324,13.632412590308192,0.0,32.09549600000001,0.015210797638950831,32.06999999999999,32.11,-3.461237927190818e-05,0.04000000000000625,-0.01999999999999602,-0.8321850372627813,0.19095177152323117
19,290,807.112,812.108,21.222,22.0,20.0,2.0,22.0,0.0005212641390459869,0.12290361746986352,-0.134527372138453,0.7897312000971586,3.696435423252221,16.983168120320798,68.99724011039558,869.6,22.733235581412515,21.817424229271428,52.0,0.0,0.4519177254342357,0.008065818553682614,0.442461455044405,0.4636246421054529,0.18865130257560844,-1.5773076599622786,0.4545014144554823,4.250466360775578e-06,9.710235596853836e-09,2,0.4,0.008874070763817327,0.009131314122033496,0.0035626237515422555,0.01252251232485666,9.479174334892912e-05,8.680535802431251,0.21711572761011133,8.333671290387908,8.987306943792815,-0.07253095322832893,-1.4503074668580496,8.967692635185083,0.0002497845277278923,-6.057452999795032e-07,0,0.0,0.0,0.0,0.00272292126396683,0.003127193203838964,3.904527873622211e-05,0.7604242473424124,28.42910786871062,-61.04036854978888,48.14005713985971,-0.5954409176182903,-0.974814556958028,0.00797317068776577,4.378367988581299,69.70260223048328,860.8,26.29068276024797,0.030542150046756474,33.69972727519618,7.560209430813971,0.0,32.086608000000005,0.00846132816720083,32.06999999999999,32.11,1.1622448398412494e-05,0.04000000000000625,0.01999999999999602,0.9720588775995945,0.7053621200876989
19,291,809.612,814.608,12.738,22.0,0.0,22.0,21.0,-0.00013958195694351066,0.1199739087933528,-0.1471170554057262,0.7646776043963044,3.7109639989928604,17.244272015604537,74.25742574257426,808.0,39.89987468652001,41.08527716834828,100.0,25.0,0.44427384318530094,0.0025406556938105352,0.4407413945717884,0.4512539323847309,0.8690957230425067,-0.3760812171850043,0.4507268512565018,1.2194774477009033e-05,-2.9396779923042535e-08,0,0.0,0.0,0.0,2.7391723748387877e-05,9.986851403843256e-06,3.772600026046232e-09,8.371974796808853,0.1379567376321445,8.207608577248122,8.679406804306309,0.6564581225160491,-0.8113546965598171,8.659063286274563,0.0003624934859634704,-8.759667844765376e-07,0,0.0,0.0,0.0,0.0016918181737891028,0.0010770984284194968,1.4548745963666013e-05,-0.06793027124082582,28.58981805847794,-61.04036854978888,48.14005713985971,-0.5518326659016902,-0.9909350043550269,0.0056142033492226915,4.3887777937904335,70.48872180451127,851.2,47.69905659444429,0.05603742551039038,33.140435602998274,7.600745815741658,0.0,32.09404,0.00758547257604336,32.09,32.11000000000001,2.6740855514617902e-06,0.020000000000003126,0.0,0.49699248412778213,3.768703938062984
19,292,812.112,817.108,2.1932,21.0,0.0,21.0,12.0,-0.0003600419700835792,0.12097498834999904,-0.1471170554057262,0.7646776043963044,3.7330225195562727,17.358565436666915,72.95719844357977,822.4,51.2718246213259,48.29078587059855,136.0,50.0,0.4397514404248591,0.004838314059813933,0.4332240762737103,0.4493532840508066,0.280803455945727,-1.0852213305497311,0.4434800299550288,2.8786871142645014e-06,-7.214270048868118e-09,1,0.2,0.005868224427307667,0.005868224427307667,0.0015692808063792114,0.0033580700407963406,1.456152640379869e-05,8.220170084390015,0.04620992508699994,8.161529283456643,8.333339601675988,0.751057636903312,-0.4813727545837776,8.320153542556728,0.00016105449686076883,-3.881882756886788e-07,0,0.0,0.0,0.0,0.0013037843263481654,0.0009904034718212316,8.698854138149495e-06,-0.6540936791116028,27.286878240655504,-57.40766151716004,35.374494993586794,-0.5636322549989542,-1.0155806018405718,0.008054287805784816,3.9078568601089536,74.92507492507492,800.8,39.939954932373176,0.049875068596869604,30.976412824987573,2.940394222129669,0.0,32.09668800000001,0.009838348171785525,32.06999999999999,32.11000000000001,-2.772092654136175e-06,0.04000000000001336,-0.04000000000000625,0.9201786555127409,1.9678764814951535
19,293,814.612,819.608,0.0,0.0,0.0,0.0,0.0,0.0013563277818386269,0.122702613380033,-0.1438260785426822,0.7742389646905701,3.686890908146733,16.917610215814996,67.44604316546763,889.6,46.00869483043395,69.33974329343886,112.0,50.0,0.4359614368176221,0.0017490190829673967,0.4315937179812019,0.4406958634150939,-0.28549728431102833,-0.3889704644870644,0.4402858377902525,9.611809003601223e-06,-2.3226540973074642e-08,0,0.0,0.0,0.0,1.9637253408117178e-05,6.42872898350344e-06,1.936914296582767e-09,8.167812048398075,0.018127778597679535,8.141144706939356,8.207494960958313,0.5842100806599025,-0.8713952973824428,8.196614154065756,6.784538441810134e-05,-1.6424288012915382e-07,0,0.0,0.0,0.0,0.0017615130519319218,0.0024512995650020457,1.6725049685026604e-05,0.46113185381609384,30.280407899433527,-61.08091118338225,38.52013301771488,-0.5612587356143364,-1.122878260539689,0.007543428456613051,3.696980246843451,70.0280112044818,856.8,44.84640453815668,0.05234174199131266,34.79771516994513,2.7297536126892057,0.0,32.08607200000001,0.01422829679418401,32.06999999999999,32.11,-1.754845283099974e-05,0.04000000000000625,0.0,0.19719853218899278,2.5819680390141713
19,294,817.112,822.108,0.0,0.0,0.0,0.0,0.0,0.0018875333539229743,0.12208595234340042,-0.1438260785426822,0.7742389646905701,3.691706518496644,17.06384670603572,68.93382352941177,870.4,46.00869483043395,56.39148871948674,112.0,25.0,0.4332973070451276,0.0033446426558480275,0.4285850320453478,0.4377024589516854,0.12069517812586927,-1.7710880934270845,0.4359230696092287,3.0795166561956496e-06,-7.740252194842197e-09,3,0.6,0.001327887866497753,0.0017760498636548716,0.0006101672030422214,0.002293874905759918,2.9140067232122325e-06,8.13950538148621,0.01469621771625737,8.1184003688841,8.161479244376718,-0.1395180077729767,-1.5435963582690393,8.151339146160051,4.0072145346427045e-05,-9.30094424085795e-08,2,0.4,0.002920126667504519,0.00534576003551912,0.002520725472417418,0.007356488051273562,4.262748690838502e-05,-0.11803021734727281,31.628126596193066,-62.12879034367276,38.52013301771488,-0.5077352222442856,-1.209591898249531,0.00509692240053876,3.568490408915949,67.44604316546763,889.6,39.95997997997497,0.0449190422436769,36.48556254271242,1.4511661513611485,0.0,32.078016000000005,0.009093584987575294,32.06999999999999,32.09,1.2264599209359297e-05,0.020000000000010232,0.0,0.9480805581374004,1.4877803639441396
19,295,819.612,824.608,0.0,0.0,0.0,0.0,0.0,-0.00011647348683173426,0.11895627231321779,-0.1358680606731769,0.753367021367924,3.6475690147789344,16.675748419844677,72.46376811594203,828.0,30.066592756745816,35.7211421989835,72.0,25.0,0.4307178552986488,0.0015195106965305836,0.4271948468920567,0.433601238003604,0.08522500984490612,-0.5443052068130094,0.43118511154488276,2.9063211643806623e-06,-6.72553870712161e-09,1,0.2,0.002418067217265396,0.002418067217265396,0.0007498704395519743,0.002118090764019868,3.7071804044349462e-06,8.116365051640829,0.012280066928604144,8.096037378734442,8.14110971542246,0.05338590234594165,-0.7822652641715688,8.130307133435771,4.865363565136024e-05,-1.2074575551755833e-07,0,0.0,0.0,0.0,0.002362043762828806,0.0041004396738466755,3.127174925532585e-05,-0.5455468595127755,31.542623606010242,-64.84167407707056,41.80551439562922,-0.4914426763367293,-1.1520667007313745,0.0069415604684685975,3.832846746095325,71.15749525616698,843.2,25.98461083025874,0.03081666369812469,37.74959592457783,2.670951442703758,0.0,32.082016,0.009104148788218736,32.06999999999999,32.09000000000001,1.0532727380946277e-05,0.020000000000017337,0.0,0.06540658696108075,1.3062728597750493
19,296,822.112,827.108,0.0,0.0,0.0,0.0,0.0,-0.0011646277348808512,0.1161113728267849,-0.1358680606731769,0.7270727121738855,3.736761390424963,17.321817494369125,69.38020351526364,864.8,53.918456951214765,38.1051177665153,124.0,50.0,0.4291960191055511,0.002668384686552009,0.4248872973401111,0.433601238003604,0.10940107601927132,-1.1891481976155005,0.43011472910531257,5.692934362506481e-07,1.1434996236830922e-09,1,0.2,0.003487149792845756,0.003487149792845756,0.0011844919638433627,0.003910065768858678,1.0069098223323258e-05,8.104895603255734,0.007583967278833696,8.084816602417128,8.118567254295924,-0.44428315917080513,-0.2449801037429209,8.107755360538857,4.4399470781356e-05,-1.113813639390714e-07,2,0.4,0.006887852429954933,0.010694135995214182,0.0027678676690995035,0.008689490980900608,5.345068878281863e-05,-0.1951250837453952,33.49466158008242,-68.12923831840173,42.83602844836101,-0.5240891771103523,-1.1327397653620719,0.00309869547265128,3.7528651119356264,74.87520798668885,801.3333333333334,74.73330359797208,0.09326119417384203,38.22304663664442,4.773903780906089,0.0,32.077984,0.00947748780958433,32.06999999999999,32.09000000000001,-1.0701032128653197e-05,0.020000000000017337,0.0,0.401334885997242,5.495004471425204
19,297,824.612,829.608,0.0,0.0,0.0,0.0,0.0,0.0008034353350106256,0.11544471630714949,-0.1549437936934885,0.7216945357370758,3.636144017368346,16.692109507730834,70.35647279549718,852.8,52.79393904606854,51.146847410177685,116.0,25.0,0.4273722489244747,0.001745308422572659,0.4245219669026907,0.4301520625494978,-0.11136370013579312,-1.3607315880721527,0.4268921326605274,9.769765878626853e-08,2.6014615627048197e-10,2,0.4,0.002825606641522177,0.003259851677881731,0.0010987915935990822,0.005249133095603075,1.1543755051012852e-05,8.0861854759846,0.019227836861004093,8.054340138408275,8.11080093082484,-0.16933795707790472,-1.4250013754114361,8.087141712713121,2.1841930812710905e-05,-5.5162669600465494e-08,1,0.2,0.023646580703905684,0.023646580703905684,0.009608980437204935,0.04051179738381793,0.000789848340242133,-0.46318184405049706,34.7900649800396,-68.12923831840173,54.94395611192952,-0.3541958917793722,-1.214742641417264,0.0021323829653265365,3.996885564755754,69.18819188191881,867.2,52.56614880319844,0.060615946498153175,42.229800444984356,6.775563669017601,0.0,32.0712,0.0044200186565739675,32.06999999999999,32.09,-5.397773694576388e-06,0.020000000000010232,-0.020000000000003126,0.09021764549668301,1.1682809135783714
19,298,827.112,832.108,0.0,0.0,0.0,0.0,0.0,-0.0001434785473298712,0.11840042144604243,-0.1549437936934885,0.7490085149176728,3.611128296813662,16.400252285173973,75.37688442211055,796.0,125.34751692793918,111.77119485806708,336.0,20.0,0.4262904142607307,0.0020322191845101273,0.4239571856171066,0.4301520625494978,0.6011608090041838,-1.0700428410816794,0.4269992095918474,1.7200314242239834e-06,-4.360442382636065e-09,1,0.2,0.0031504193175242445,0.0031504193175242445,0.0010448684765080173,0.0031196257783407556,7.402149025471276e-06,8.064502350844469,0.008608336187014292,8.054340138408275,8.084778288991888,1.057293787276702,0.0012495578354947412,8.07395719356206,4.422264652539068e-05,-1.0713299503649438e-07,0,0.0,0.0,0.0,0.0028734199404266327,0.005744237046041739,4.78981684612115e-05,-0.5422621530805852,34.157665106940556,-69.0822691910789,54.94395611192952,-0.3400103000687586,-1.162565272166033,-0.0005371872809190794,4.142554222434464,73.28990228013029,818.6666666666666,44.15729460311927,0.05393806344029227,41.36766454222849,7.652121986019417,0.0,32.06052,0.0111733929071956,32.03,32.07000000000001,-2.7144301532325157e-05,0.04000000000000625,-0.03999999999999915,0.8321068566996125,2.0869821419802577
19,299,829.612,834.608,0.0,0.0,0.0,0.0,0.0,-0.001666037282111671,0.12136368839379312,-0.1463516361031051,0.779993954874932,3.73787832803067,17.199972812345855,70.95553453169347,845.6,32.32336616133908,52.64978632435273,88.0,50.0,0.42560875657182895,0.001557831468521371,0.4217958068636326,0.4285689062034454,0.30783960181512987,-0.6625796243354021,0.42418201369020997,1.8301313406641613e-06,-4.746656659905637e-09,3,0.6,0.0024944311685243248,0.004388494941326482,0.0014310508935567708,0.00757803948269105,2.1718646864768667e-05,8.09145096577205,0.03579325611285809,8.054341995409754,8.143167411894566,0.41434413989548524,-1.6492762362700437,8.04547570145469,3.139762064291908e-05,7.717736735784341e-08,2,0.4,0.05769796666001614,0.09766699683772195,0.03577107288481681,0.2296895316377437,0.01696135464328941,-0.4478697656455806,33.14212367247373,-69.0822691910789,45.761040961656015,-0.515762868650443,-1.0961208063854648,-0.002251340575841546,3.962501027695658,75.12520868113523,798.6666666666666,117.56643511932592,0.1472033828706084,37.26336739673924,10.918442656145814,0.0,32.05668000000001,0.01831789510528,32.03,32.09,2.437888536250031e-05,0.060000000000002274,0.020000000000003126,0.5371255868529704,4.169674149441761
19,300,832.112,837.108,1.8876,11.75,0.0,11.75,7.0,-5.656892181436106e-05,0.11641513319760785,-0.1463516361031051,0.779993954874932,3.769134681866566,18.142194817087113,75.37688442211055,796.0,150.3489274986689,173.1588865753069,396.0,60.0,0.42413828695550926,0.002667904692578339,0.4196066323647576,0.4285689062034454,0.1052051010631556,-1.1209652764818046,0.42571712715431986,1.3156968394005066e-06,-3.26999232414828e-09,1,0.2,0.002851075737815567,0.002851075737815567,0.0009468667737873319,0.002616844377158425,5.849547495570045e-06,8.113968089103667,0.02085607258972872,8.066459908627158,8.143167411894566,-0.1368645407208232,-1.0934668171269664,8.059655896424282,7.842709094627778e-05,1.8835579303330185e-07,1,0.2,0.08351374673094547,0.08351374673094547,0.020839929041838595,0.2714328684406976,0.016918847369987788,-1.3001677704544052,34.36019095192776,-68.00603832250191,47.64782594356887,-0.48410231363506717,-1.1712311117643281,-0.009579968844689432,3.8231146560372786,71.25890736342043,842.0,40.98780306383839,0.04867910102593633,42.277642731659306,3.5831965166780386,0.0,32.058023999999996,0.019550515140453875,32.03,32.09,-2.1039834265535783e-06,0.060000000000002274,0.0,0.4567383212700736,4.117977058690116
19,301,834.612,839.608,13.3028,32.0,0.0,32.0,27.0,-0.00031914304479577655,0.11155332502195654,-0.1325284963917923,0.7484892207186079,3.8249299278815494,19.015832270127042,72.46376811594203,828.0,103.49879226348489,141.718029904455,272.0,50.0,0.42229340325566617,0.0017136608486990708,0.4196066323647576,0.4254566043183694,0.09580200029969178,-1.2186994583276698,0.42150762667687,6.916664888141873e-07,1.7317655928240046e-09,3,0.6,0.0026974245836945596,0.003948551399501343,0.0012679938521533653,0.005946644211723794,1.5106400180183694e-05,8.107723679980246,0.012685887141097496,8.089287114140614,8.129841049088647,-0.04876225961472431,-1.4610712017061618,8.119144585171322,6.207884055818393e-05,-1.5242282569654917e-07,1,0.2,0.005631444349855741,0.005631444349855741,0.0021881503468530626,0.005468440922505152,2.9947748158305683e-05,-0.35718188983419097,33.43763541872646,-68.00603832250191,47.64782594356887,-0.5074075504149519,-1.1006391784607596,-0.006622227862584866,3.9352447178675325,72.3938223938224,828.8,132.1937971313329,0.1595002378515117,38.75459565623845,8.035960425056777,0.0,32.051352,0.014620612579470659,32.03,32.09,-2.7194487804285158e-06,0.060000000000002274,-0.020000000000003126,0.4416857380400185,0.06994572211962691
19,302,837.112,842.108,34.5128,53.0,12.0,41.0,51.99999999999999,0.0024596611329332626,0.12571768705973654,-0.1897831633617559,0.7672387796625774,3.6333792562095066,16.07081346545516,72.40547063555914,828.6666666666666,62.24682053459973,54.229143456263444,168.0,40.0,0.4221632073894207,0.0018697783929346762,0.4194016482871737,0.4254566043183694,-0.036875174084274945,-1.3399615813899581,0.4232898573375086,2.0097136577751155e-06,-4.763889761769371e-09,2,0.4,0.0013340270940019605,0.0021624907850011366,0.0005838129799666941,0.0014430193656499596,2.120361371519011e-06,8.111813680718264,0.011512601455044954,8.089287114140614,8.125137356668342,-0.6843908512787173,-0.8725733303875671,8.105469155027661,3.86959362269567e-06,-1.0083593144701704e-08,2,0.4,0.019465031161003843,0.019671688265626486,0.007310276785646815,0.045726371749706604,0.0006861555089825593,1.8415062404179932,29.650062571456836,-63.39886353411293,43.89341102290537,-0.5642961551032817,-0.9546343448946066,-0.006881946008775967,4.123069802801921,64.43298969072164,931.2,119.74639869323838,0.12859364120837455,37.47684545095415,7.5264839125704315,0.0,32.050768,0.016379070717205037,32.03,32.07000000000001,1.927353553506603e-05,0.04000000000000625,0.01999999999999602,0.7629438613542785,7.9724809448375
19,303,839.612,844.608,47.102,55.00000000000001,9.0,46.00000000000001,54.0,0.002794225456925524,0.13204998934930628,-0.1987473811306458,0.8189887924133938,3.663866196523508,16.26325091293812,74.07407407407408,810.0,80.58784027382791,75.62010314724517,220.0,60.0,0.4202307933177644,0.002569996381566271,0.4162135985759336,0.4237939616296667,-0.0805638920612486,-1.4134328201674466,0.4197692242246121,9.224512576011405e-07,2.2414458018389824e-09,1,0.2,0.0040246111260273665,0.0040246111260273665,0.0015877247286336493,0.006806657754883707,2.1861762502304345e-05,8.203679143151495,0.10682282941124235,8.090353500129211,8.359186679745246,0.4949934751742518,-1.5757635254421782,8.083029002998185,5.348064104570387e-05,1.287362624663255e-07,2,0.4,0.1591206555665261,0.27611753772307424,0.10678760477228624,0.6027025736631798,0.1297546298899479,-0.31504566696040565,30.304220089625783,-66.82792677289336,44.36043618781245,-0.5560657291469633,-0.9650868687425187,-0.009044280480855845,4.2409301219917825,73.38551859099805,817.6,210.21132224502085,0.25710778161083764,36.95536363544658,7.72838140937922,0.0,32.04849599999999,0.014308618211404847,32.03,32.07000000000001,-9.586735095512213e-06,0.04000000000000625,-0.03999999999999915,-0.8141171205632487,0.6885554830760299
19,304,842.112,847.108,24.2392,55.00000000000001,0.0,55.00000000000001,54.0,-0.002397711242959365,0.12156099432965373,-0.1987473811306458,0.8189887924133938,3.875053779193712,19.62152154899646,75.69386038687973,792.6666666666666,189.74368676366194,197.29368971155668,480.0,80.0,0.4196028654726826,0.0027612920926512866,0.4162135985759336,0.4265116373332103,0.8458836464281589,-0.2058981440425529,0.422481127994704,7.813101764572678e-06,-1.885604566679365e-08,1,0.2,0.004036186945056142,0.004036186945056142,0.000919522682941038,0.0016383910800780728,4.762150382864771e-06,8.298361894981038,0.06385548136876623,8.121422936224004,8.359186679745246,-1.0981990656371516,0.2823573495735854,8.123402100785587,0.0002550481616272216,6.113617687550432e-07,1,0.2,0.23577770325103664,0.23577770325103664,0.06368712292918938,0.8746197345921543,0.17332292669831753,0.25309495159294476,36.74895827794081,-84.69146995072552,59.85728395673735,-0.42810150309740014,-1.0144746202497346,0.0029101208482348664,4.519126167206575,73.74631268436578,813.6,99.38209094198008,0.12215104589722232,44.99101253168652,9.390463578695865,0.0,32.041928000000006,0.009067441119632728,32.03,32.05,-1.255528227536322e-05,0.01999999999999602,0.0,-0.41217126554576755,1.9475477025139583
19,305,844.612,849.608,0.2348,9.0,0.0,9.0,0.0,-0.001600202606081273,0.125849177003668,-0.1527031905170295,0.7799660611856893,3.6166561129860244,16.41266125187695,77.72020725388602,772.0,67.40919818541087,105.14751542475932,208.0,40.0,0.4188247778331981,0.0029237920407063664,0.4148333550464276,0.4265116373332103,0.8950701556186074,0.43992777078691425,0.4167602500208204,4.6213946452732785e-06,1.0928754822985827e-08,3,0.6,0.004460820829016369,0.009755251509864227,0.0025974574425199647,0.01185958628458058,6.184034255205973e-05,8.220073825651808,0.09257471761031964,8.076633969807348,8.34962985754273,0.002143867292815213,-1.4293402735908494,8.33483024114609,0.00013175971621519255,-3.215817542382099e-07,0,0.0,0.0,0.0,0.004628560189403031,0.00991536530730623,0.00012680965031824603,0.8651796664605079,40.37198779722163,-84.69146995072552,59.85728395673735,-0.47211398709586583,-1.068416706949576,-0.007165953939652314,4.0905363731321245,68.05807622504537,881.6,100.93958589176003,0.11449590051243197,49.30692978579725,5.492497747052329,0.0,32.038,0.009078322155194165,32.03,32.05,-1.044472476459779e-05,0.01999999999999602,0.0,0.6788293953426603,9.662131028840648
19,306,847.112,852.108,0.0,0.0,0.0,0.0,0.0,0.001324033224777781,0.12707094152910267,-0.1674489655489888,0.7545489765127861,3.4538210139912695,14.772993096404345,79.15567282321899,758.0,12.328828005937952,19.75854245636555,32.0,0.0,0.41668346374892223,0.001565649845510382,0.4144386797293991,0.4198078981270992,0.681387684304384,-0.5530262201043539,0.41882119941073104,5.039954136102688e-06,-1.2353180778487186e-08,1,0.2,0.0009772518687408138,0.0009772518687408138,0.0003006583667325653,0.000604867463591704,5.251488286650168e-07,8.086066749837608,0.06148098066381487,8.001352929436694,8.218972497995711,0.4586510789621468,-0.9177541629619417,8.205195214008578,0.00017459180917781458,-4.2217351521663425e-07,0,0.0,0.0,0.0,0.0014065356419853032,0.001103431124744681,1.0139167735156589e-05,-1.243991580915494,37.18937313068155,-82.91907363929857,48.200443746832384,-0.4793644579515386,-1.0371200336349402,-0.0007219799882572177,4.086461287718669,77.1604938271605,777.6,40.25916044827562,0.05177361168759725,45.6185780428717,2.6031446203757294,0.0,32.033288,0.007181769855306077,32.029999999999994,32.05,-1.3166815466734793e-05,0.020000000000003126,-0.01999999999999602,0.5849777065470388,1.995178996058499
19,307,849.612,854.608,0.0,0.0,0.0,0.0,0.0,-0.0002952939864172819,0.12031252284051039,-0.1674489655489888,0.791645934487701,3.5460920619753025,16.23325673823233,82.26691042047531,729.3333333333334,118.83882642750503,127.74975538137049,312.0,20.0,0.41610929458449136,0.0023310249423780477,0.4090701018662028,0.4190246606297895,-1.2834905453762313,1.3627361135801035,0.41679446175808554,2.686950151622971e-06,-6.639960738165914e-09,3,0.6,0.0016385812186667608,0.002232304002697749,0.0007184646165923267,0.0025800081038428167,3.91066968152538e-06,8.00732422697951,0.03287332610054762,7.95837675637018,8.076486431119946,0.3918262617973776,-0.9036575358303232,8.064594592469849,9.224978393787688e-05,-2.2704412205949834e-07,0,0.0,0.0,0.0,0.0016381049965962424,0.001768335395777495,1.404817298902326e-05,0.9962312278549538,34.31736376277762,-69.84850820844271,47.792271689376896,-0.5552762406126196,-0.9879628531712181,0.002753861579826592,3.9433025496853933,79.29515418502203,756.6666666666666,13.485794995722967,0.01782263655822419,44.66183177210997,2.4679040905202534,0.0,32.02327999999999,0.009265226893589332,32.00999999999999,32.03000000000001,-2.1396370813673465e-05,0.020000000000017337,-0.020000000000003126,0.26829182742016655,2.9717562354532845
19,308,852.112,857.108,0.0,0.0,0.0,0.0,0.0,-0.00163441725997425,0.12046176740698401,-0.1480547330290303,0.791645934487701,3.7276757693215115,17.314053599616024,74.8502994011976,801.6,12.521980673998822,16.24807680927192,32.0,0.0,0.41417853253876075,0.0032568154705459123,0.4090701018662028,0.4190246606297895,0.08407367800774244,-1.522950646863271,0.41503832715940225,1.0182728039221117e-07,-2.6116438837172404e-10,3,0.6,0.0030112362123742575,0.003986263098657017,0.001439179589271148,0.005464176468787645,1.63281018943863e-05,7.963191599692655,0.02026633821345654,7.931565024458485,8.001294092059668,0.345594093484842,-1.1017739365155923,7.99033356889178,6.054499474966338e-05,-1.4925291798568952e-07,0,0.0,0.0,0.0,0.0023102386739215597,0.004127415024798579,3.01074982757902e-05,1.4826819310829944,33.875346986779185,-69.35546035037096,47.792271689376896,-0.6098439270588597,-0.9329593612432587,-0.0003400711014867202,3.9686677228288247,76.4006791171477,785.3333333333334,35.47769252173352,0.045175330036163225,44.256168862314006,2.568148870875999,0.0,32.021232,0.00941181625367831,32.00999999999999,32.03000000000001,6.916591946638789e-06,0.020000000000017337,-0.020000000000003126,0.5946111015762497,1.5503797159501005
19,309,854.612,859.608,0.0,0.0,0.0,0.0,0.0,-0.0006510193291050952,0.11663185426564841,-0.1528599548538693,0.7485263428230413,3.656098072191274,16.849474293370065,77.65314926660915,772.6666666666666,69.89897471827943,74.87589732350457,188.0,20.0,0.4136331062841853,0.0023079673414319562,0.4090709987013765,0.4165186672016653,-0.24122955248557615,-1.5563074514843798,0.4087996191971926,4.430880586576655e-06,1.0729022906064993e-08,4,0.8,0.006225160879722483,0.007717013532490213,0.002304518768529682,0.024161506059244914,0.00014334577764613552,7.949556611068726,0.019838115596542097,7.929281114262245,8.01062405114889,1.4557528812837865,1.523092863116985,7.948071283091186,1.3949866838987773e-05,-3.466889708880356e-08,0,0.0,0.0,0.0,0.015499920570975245,0.03978331928787565,0.0015191402606093117,0.3871107521975351,33.1115823855538,-64.6915635614563,46.08198588714825,-0.5394599621555929,-1.0174444528022812,0.008489292250570147,3.847703829597926,74.6268656716418,804.0,22.090722034374522,0.02747602243081408,43.658795858592875,2.2354366095522753,0.0,32.02468,0.008273351018615784,32.01,32.03000000000001,3.299483711716067e-06,0.020000000000010232,0.020000000000003126,-0.4999541749404287,3.026283594967353
19,310,857.112,862.108,0.0,0.0,0.0,0.0,0.0,8.002155870885374e-05,0.11846800860979471,-0.1528599548538693,0.7759536464118377,3.6966988254542734,17.343418155473756,73.09941520467837,820.8,55.7422640372635,58.855755878248644,152.0,50.0,0.4131383549701599,0.0024252940986164194,0.4094382076727896,0.4164069009420153,-0.13508550570206562,-1.555365665458452,0.4158119875330014,4.571031734287961e-06,-1.0975773726188885e-08,2,0.4,0.00033282432946177276,0.0005940830415195331,0.000126744711666749,0.00020819766133468986,8.899814989884504e-08,7.980144731221689,0.03410399299846235,7.929281114262245,8.021088345267383,-0.3884546653534894,-1.479124309904895,7.9247281547401425,2.2330410345307648e-05,5.20554119241947e-08,1,0.2,0.09634496376993962,0.09634496376993962,0.034084709987020304,0.2769564943706824,0.0211591749493531,-0.3964768326423704,32.67319421762155,-67.2198218496313,46.08198588714825,-0.45589888461730166,-1.1050899780087153,0.004488516588750685,3.971370828195065,75.30120481927712,796.8,17.75387281693772,0.022281466888727057,43.13468377774242,1.9624835917521741,0.0,32.027407999999994,0.014087649863803585,32.00999999999999,32.05,8.524313935545735e-06,0.04000000000000625,0.03999999999999915,-0.9035769430822053,2.201789614598752
19,311,859.612,864.608,0.0,0.0,0.0,0.0,0.0,0.0005467143670278798,0.12165051525293101,-0.1466474146012608,0.7759536464118377,3.7086721283364255,17.246085022550787,68.24385805277525,879.2,50.707001488946275,69.02173570694958,128.0,50.0,0.41248486732902273,0.002005873574213821,0.4088384692964852,0.415554100735295,-0.19917963698318603,-1.4163147283206405,0.4108526569561132,1.9123713061634693e-06,4.776548142635826e-09,4,0.8,0.00307275301084807,0.004700325240345915,0.0016534865647760218,0.009511702603804904,3.1758569089926384e-05,7.977564193706674,0.032740535945345484,7.9275047207619025,8.021088345267383,-0.10218996904848877,-1.540905920704725,7.998742910671709,5.625593385879609e-06,-1.4236181803448978e-08,1,0.2,0.022336649851821377,0.022336649851821377,0.008081775413933989,0.026792198552503258,0.0004701363243799524,-0.31209186056694416,33.13050896483186,-67.2198218496313,44.60653341912991,-0.49385988662631186,-1.1378591631281167,0.009463832664769023,3.8333828476599,70.88846880907373,846.4,74.11342658385186,0.08756312214538263,41.08541867568224,2.286768916241205,0.0,32.034024,0.01378964777098941,32.00999999999999,32.050000000000004,-5.152044257289506e-06,0.04000000000001336,0.0,-0.46901862586868076,2.6446107562984764
19,312,862.112,867.108,0.0,0.0,0.0,0.0,0.0,0.0018516494861567747,0.12159911531989334,-0.146153706962375,0.7458523624108158,3.6007575272561385,16.37674423504522,68.18181818181819,880.0,40.792156108742276,55.92852581643825,96.0,25.0,0.41165038530710524,0.0026610784088108054,0.4079697339026964,0.415554100735295,-0.14629955595129684,-1.6058861917503842,0.4141737866892405,4.876717578384463e-06,-1.2171402982870135e-08,2,0.4,0.0008216253028354714,0.0013694373435156892,0.000343636402479756,0.000655324561210957,6.762907860715239e-07,7.932873433494952,0.01869335540687643,7.906676141328634,7.980929022106076,0.7901510652180651,-0.3129974824149522,7.970062169466503,7.438548763625723e-05,-1.7792081566707888e-07,0,0.0,0.0,0.0,0.001428482725826435,0.0014631215075280209,1.0635348631044571e-05,0.03332433616719445,34.151698005567056,-74.70301723511972,44.298046108410354,-0.5418085768906081,-1.0707720689156626,0.003905168381179753,3.9624546560918565,66.7853962600178,898.4,34.246167668806386,0.038119064635804084,39.46067330078177,3.903265383195052,0.0,32.040752000000005,0.010255589174403968,32.01,32.050000000000004,4.310141638490873e-06,0.04000000000000625,-0.03999999999999915,0.68291209837784,1.396421921800382
19,313,864.612,869.608,0.0,0.0,0.0,0.0,0.0,-0.0005124348784172515,0.11803660951334338,-0.146153706962375,0.8208854869123,4.011222599724352,20.391809351726216,67.20430107526882,892.8,40.23928428786974,58.034472514187634,96.0,50.0,0.40999315538824666,0.0019848829543511297,0.4072151769163188,0.4135102335600681,0.4148593022225591,-1.2362163300436442,0.4086748960454644,1.094325911367186e-06,2.6985934773859e-09,3,0.6,0.003679644361459696,0.00483487218858758,0.001726255158266638,0.00785685917611521,2.7234803500204804e-05,7.902398364153334,0.018120146096349675,7.867817862972392,7.927486786854763,-0.3923574982345475,-1.2137897538688138,7.917188953098839,4.7660324246878975e-05,-1.192884571297687e-07,0,0.0,0.0,0.0,0.002780457349905452,0.007171279826948204,4.8967672231857555e-05,-1.2685705212545533,35.34319645437713,-74.70301723511972,44.298046108410354,-0.4863234393530281,-1.1179361417287688,0.001820198702350069,3.8404536758998966,67.62849413886384,887.2,42.180564244685016,0.04754346736326084,39.97337236689436,4.511175488900013,0.0,32.032816000000004,0.018253687939026642,32.00999999999999,32.05,-1.951433952916614e-05,0.04000000000000625,0.01999999999999602,0.03091680606837154,0.42419306359502684
19,314,867.112,872.108,0.0,0.0,0.0,0.0,0.0,-0.001831046512955713,0.11675961888635615,-0.136491297613169,0.8208854869123,3.972623928264931,20.068452621395796,63.357972544878564,947.0,71.80529228406496,96.27737705885706,168.0,100.0,0.4090980088504625,0.001930697052444001,0.4068186809283493,0.4132316947870276,0.765071472170528,-0.681011113294065,0.4126125427143137,6.417995201298704e-06,-1.5599559541803595e-08,1,0.2,0.00019306319593381804,0.00019306319593381804,7.716669322968526e-05,0.00011007950311804748,3.2226378648212075e-08,7.868353885473331,0.021606822614863894,7.8317978474829,7.906627113973453,0.062219820616076255,-1.1354145496207317,7.895718192790801,3.629084098323452e-05,-8.648890544381177e-08,0,0.0,0.0,0.0,0.0023955808213167004,0.004228710768366828,3.228411466750494e-05,0.4813955936497905,35.11025726743424,-72.82341723222011,43.03355732496375,-0.5746000143560794,-1.011890316289166,0.004888805751127013,3.7681663445647673,67.44604316546763,889.6,134.95480725042736,0.15170279591999478,39.542029914011046,2.9490302119260523,0.0,32.030784,0.016764713273611186,32.00999999999999,32.050000000000004,3.512541384025915e-05,0.04000000000001336,0.020000000000003126,0.6983394969311191,4.088070620589065
19,315,869.612,874.608,0.0,0.0,0.0,0.0,0.0,1.7793546977927653e-05,0.11964767417675093,-0.1380029626155586,0.7526122207633588,3.6284339549133215,16.60165294734053,62.34413965087282,962.4,68.15276956954868,77.92303895511263,164.0,75.0,0.40707237400389357,0.002645373177854631,0.4020857366222617,0.4115140566687715,-0.5472820627459388,-0.49659295249746327,0.40727733628683127,1.6257085191758845e-06,4.087336852536006e-09,4,0.8,0.001653692466981438,0.004235801753159851,0.001235313312951172,0.004470691517746194,1.1623340917057488e-05,7.897894281900599,0.08460029952552428,7.82884978051635,8.085535610467112,1.2143888163522154,-0.14436835090290767,7.857483084661627,3.3398912429300004e-05,-7.833546906189417e-08,0,0.0,0.0,0.0,0.07895535561973174,0.2435760405478131,0.04305713507489312,1.660818847658447,33.96857382448668,-72.82341723222011,40.44926346732739,-0.6070333215563186,-0.9989960432112541,0.0033974362272167187,3.762860371753192,66.02112676056339,908.8,131.3742744984725,0.14455796049567837,36.938943135719306,2.6093609663201085,0.0,32.035376,0.008308017891795286,32.029999999999994,32.050000000000004,-1.1109137349820692e-05,0.020000000000010232,-0.01999999999999602,-0.9337996254812644,3.6769871096905717
19,316,872.112,877.108,0.0,0.0,0.0,0.0,0.0,0.00012708597525831582,0.11535746219506804,-0.138147700685168,0.7658129775548345,3.8209972121888693,18.98122438595533,64.32246998284734,932.8,89.28157704700338,80.24961059095551,208.0,50.0,0.40634363740208607,0.002868208014876029,0.4020857366222617,0.4115140566687715,-0.0720302014177208,-1.1794232143481238,0.40956323105263615,6.8861330616264135e-06,-1.6657926300568092e-08,1,0.2,0.0019344165731518537,0.0019344165731518537,0.0004746761226494858,0.0007862629396061044,1.250071487107695e-06,8.000264603729233,0.09065264072250727,7.82884978051635,8.088396992970534,-0.888105828371746,-0.7275904345005206,7.833364552103237,0.000169236179358945,4.05929151773843e-07,1,0.2,0.2549275159380935,0.2549275159380935,0.0899183697775353,0.8357229511757777,0.18018835889349133,-1.947147413929394,33.43803290822327,-74.00327407059524,42.27227533189172,-0.4175632753906202,-1.1728927384315877,-0.0010707055055051544,3.951190328144223,62.56517205422315,959.0,81.08431825369605,0.08455090537403134,37.2420862931014,3.895974623030278,0.0,32.021936,0.009466006824309873,32.00999999999999,32.03000000000001,-2.0967703659283108e-05,0.020000000000017337,0.0,-0.6906532175485239,1.7572979286241903
19,317,874.612,879.608,0.0,0.0,0.0,0.0,0.0,-7.245825006714393e-05,0.1157031438018847,-0.138147700685168,0.767629915485444,3.794712492645071,18.66899396987591,70.2247191011236,854.4,139.1574647656388,154.85477067239486,336.0,75.0,0.4047485305181351,0.0028346516405905508,0.3995792454633524,0.4084844331569903,-0.11597911999511316,-1.4234410330268947,0.40255673537210734,4.271852879897872e-06,9.938234711377816e-09,4,0.8,0.002937556259265256,0.005929323311946344,0.0024073348953524277,0.012604997873206233,6.073273489270685e-05,7.998411509583273,0.0634442573430501,7.899185524877079,8.088396992970534,0.02117183207716466,-1.4166927021534703,8.07176507190805,8.552462423856948e-05,-2.1146757665445468e-07,1,0.2,0.016451248890314574,0.016451248890314574,0.005302239891062711,0.012153419436117694,0.00017012987668019888,-0.15698746646659856,31.472504544230688,-74.00327407059524,42.27227533189172,-0.5434536665424584,-0.955592291642676,0.010271379308104222,4.253382741652742,63.29113924050633,948.0,63.245553203367585,0.06671471856895315,36.29943300839933,3.4013027802862257,0.0,32.01536,0.008279763374550806,32.00999999999999,32.03,-3.4277397937651004e-06,0.020000000000010232,-0.020000000000003126,0.5904510218690097,6.9335798606172645
19,318,877.112,882.108,0.0,0.0,0.0,0.0,0.0,0.000668660003178575,0.12229934414996187,-0.136738171920359,0.7867849978262618,3.679180348456381,17.023249403827837,64.1573994867408,935.2,69.30512246580334,78.61297602813418,188.0,75.0,0.40380477625961664,0.0020391616737134967,0.3995792454633524,0.4074991826735064,-0.21517904433021792,-0.7539338283761512,0.40651858797015455,7.201367950373567e-06,-1.737106057299095e-08,1,0.2,0.0009617421439373497,0.0009617421439373497,0.0002193042813461727,0.0003065673406288044,2.5929799429827707e-07,7.9061973718052485,0.04266878235836686,7.8416270335297265,7.994151800792774,0.39805669080184836,-0.9812700704535167,7.981844874171474,0.0001140067583246727,-2.7677574768732695e-07,0,0.0,0.0,0.0,0.0015583677452872145,0.0015556353045114778,1.2631862827798663e-05,2.3684409397814044,32.40782703245564,-71.52905180296398,39.90376382151987,-0.666333437557287,-0.9580992305366682,0.0008809951299040561,3.8558325349279667,63.02521008403362,952.0,99.39818911831343,0.10440986251923678,35.775687511961536,2.2581062543939336,0.0,32.01804,0.009101726262834321,32.00999999999999,32.03,-4.432806676981589e-06,0.020000000000010232,0.0,-0.04546940155067194,1.1321894027071835
19,319,879.612,884.608,0.0,0.0,0.0,0.0,0.0,0.0005678729416832279,0.12461804075672833,-0.1450002557234569,0.7867849978262618,3.6735193793345107,16.872674797354556,65.55944055944056,915.2,74.47952738840385,92.49864863877742,180.0,50.0,0.4021169648181981,0.0028925437325621473,0.3973783701251527,0.405776778563257,-0.2799801693805112,-1.37965160536706,0.4005083341218031,4.299892102387813e-06,1.0167948034044362e-08,1,0.2,0.005267105911886949,0.005267105911886949,0.002074126311760567,0.011263691736713738,4.6871749068765924e-05,7.844663980961876,0.02934795118069696,7.79830921060577,7.899085312602022,0.16034714585490986,-1.2403742511180735,7.887999236236068,7.217737449554083e-05,-1.7655329446589556e-07,0,0.0,0.0,0.0,0.0017465435014625819,0.002184003017155275,1.6212952591969095e-05,-1.5051783549772852,35.09450994688498,-77.05283540120583,42.16655410532177,-0.4246954831335348,-1.1927414071809526,0.00308053113577538,3.8325481399449606,65.84723441615452,911.2,142.08166665689137,0.15592808017657087,37.179831666988456,3.8233912472930123,0.0,32.020664,0.009098144132419423,32.00999999999999,32.03,6.50434976286327e-07,0.020000000000010232,0.020000000000003126,0.7568590163551403,0.28779385671396085
19,320,882.112,887.108,0.0,0.0,0.0,0.0,0.0,-0.00031742928221774807,0.11531181895817688,-0.1450002557234569,0.7676533260474183,3.8566375973041196,19.132323651919343,72.93354943273906,822.6666666666666,123.61661161294896,129.1448798830213,360.0,60.0,0.40058187367313597,0.0016565206262185383,0.3973783701251527,0.4036393215569113,-0.6016181515553953,-0.7789132159176972,0.40310524681827636,7.238869540974345e-06,-1.753471869500896e-08,0,0.0,0.0,0.0,4.011748599994893e-05,2.264313681868413e-05,8.1526713418692e-09,7.800013826486683,0.021903092741374447,7.769033990685553,7.841540009539771,0.2332443878267754,-1.2261677447569894,7.830923038124,6.104155772694705e-05,-1.489042942436808e-07,0,0.0,0.0,0.0,0.0019132283787011996,0.0028871578346879047,1.997891623085158e-05,-2.4757401931698286,35.64236560918027,-77.05283540120583,42.16655410532177,-0.44845748573659383,-1.1057093507589049,-0.0005110120729504814,3.8318520619744136,66.29834254143647,905.0,86.43301838225175,0.09550609765994668,38.90442874260981,4.074494039028189,0.0,32.021512,0.009019791899734923,32.00999999999999,32.03,-5.796765309835558e-07,0.020000000000010232,-0.020000000000003126,-0.26220778154671187,6.6352068913025875
19,321,884.612,889.608,0.0,0.0,0.0,0.0,0.0,0.0006160075346737618,0.11458358031785944,-0.138086921839768,0.7702971750503487,3.769605012169018,18.59623981178096,66.7853962600178,898.4,136.28206044817492,103.80751417888784,328.0,75.0,0.39890012021883714,0.002906682154816569,0.3944353380057558,0.4023569122145755,-0.21549536675277062,-1.7009371548508854,0.3995585426435374,4.117744960846018e-07,-6.261043893399871e-10,2,0.4,0.002570211368287917,0.002797818214257286,0.001081258769336874,0.005107809329189883,1.1060534107220573e-05,7.767155908983631,0.01643488110246572,7.738109966141866,7.798241188122729,0.021998133512283698,-0.9845017727389673,7.787946249302006,2.7922599095984062e-05,-6.867000991619782e-08,0,0.0,0.0,0.0,0.0021158212769767934,0.0036018887031737633,2.4989828517912796e-05,1.8200832885205287,34.9316741604134,-74.19531516529834,41.42810401549017,-0.6952464689869307,-0.8576617045919517,0.0039117188855728345,3.7745918422818994,70.2247191011236,854.4,134.2713670147139,0.15715281719886925,36.75593807492939,6.6942749374262,0.0,32.008967999999996,0.015011955695467972,31.989999999999995,32.03,-3.2448317726896054e-05,0.04000000000000625,-0.0400000000000027,0.8168443235550694,3.439322841105792
19,322,887.112,892.108,0.0,0.0,0.0,0.0,0.0,-3.761383128862956e-05,0.12490506305743992,-0.1581106022081336,0.7942347489040489,3.671020614014475,16.798884834146552,63.39814032121725,946.4,59.16755867872191,77.92303895511263,140.0,50.0,0.39753923647495115,0.0018176729728350864,0.3944353380057558,0.4016471429953749,-0.011856256156240731,-1.1416211284013376,0.40096134341993994,9.612514188854073e-06,-2.320409861959134e-08,0,0.0,0.0,0.0,5.87704576441047e-05,3.5948313944045404e-05,1.7533740646275243e-08,7.738686857719809,0.017327178561879035,7.70648857320373,7.768980809977289,-0.031540706454684576,-1.0793366694429,7.758739776727333,1.9096890426229967e-05,-4.575783676899036e-08,0,0.0,0.0,0.0,0.0022809798203053603,0.004396046226706192,2.9894473013139578e-05,1.3105934870109304,34.44347906778164,-73.11021049457997,41.42810401549017,-0.5974945604821172,-1.0219506361278723,-0.004687768393806184,3.757822152642228,64.26735218508998,933.6,78.61806408199072,0.08420958020778783,38.16495262393264,3.1850934915797793,0.0,31.99745575,0.009127295243276197,31.989999999999995,32.010000000000005,4.3815676045689243e-07,0.020000000000010232,-0.01937499999999659,-0.4518405751775602,0.869211863872728
19,323,889.612,894.608,0.0,0.0,0.0,0.0,0.0,-0.00024119736724561544,0.12358972712450085,-0.160485778854066,0.7942347489040489,3.770467302243623,17.757939302179373,70.09345794392523,856.0,68.81860213634101,50.75431016179808,160.0,25.0,0.39696962148672243,0.0022786887635931345,0.3935330151704719,0.400077796640868,-0.3598475721680133,-1.5214246767364927,0.395794472698363,2.8218093629312895e-06,6.4088550595619744e-09,3,0.6,0.0036616500479803027,0.004283387658393201,0.0015056104596291528,0.00893372793456994,2.7293527055392732e-05,7.704476630778689,0.022179442185280028,7.66848456577049,7.738088933268072,-0.09904210259473611,-1.374378609910473,7.72754535156911,5.7627050535324625e-05,-1.43865497302818e-07,0,0.0,0.0,0.0,0.0027778409503541636,0.005921276117625214,4.56127342575451e-05,-2.1919547255342167,34.2043852059939,-72.38702825572035,41.07221405052116,-0.4114021408843749,-1.217792636661832,0.0027699584509464966,3.755795381495298,64.58557588805166,929.0,55.55777773333511,0.059803851166130365,38.44630585696918,2.0802228747811258,0.0,31.9964,0.00876416608219888,31.989999999999995,32.010000000000005,5.616295434436792e-06,0.020000000000010232,0.019999999999999574,0.8775169238868096,5.507882055873566
19,324,892.112,897.108,0.0,0.0,0.0,0.0,0.0,0.002380337770628148,0.12300749331884353,-0.160485778854066,0.780431107334459,3.7449811314809818,17.726279022922963,73.95234182415776,811.3333333333334,136.7840146605833,107.346169004767,372.0,60.0,0.395426154828431,0.0015753593904300764,0.3935330151704719,0.3985257207947948,0.5637301213296909,-1.0543707289660769,0.39766921061801186,5.908876908254797e-06,-1.4384993533732237e-08,1,0.2,0.0008418504544512317,0.0008418504544512317,0.00021191938158083545,0.000330173051364115,2.4638155341287793e-07,7.667929272293343,0.02004177366164014,7.635076506436862,7.706428879111244,0.18252352419288073,-1.0366934217222512,7.695731200775381,4.762008914145425e-05,-1.1834959338098153e-07,0,0.0,0.0,0.0,0.0022163970725356647,0.0035623368156738563,2.7110684000890165e-05,-1.0912842040330974,32.58768445847743,-70.0370395280527,41.026881050207365,-0.5239361684856803,-1.0455473106851572,-0.004524909280245886,3.914969082460521,73.45739471106758,816.8,62.44357452933007,0.07644903835618276,36.44701877559945,4.015182199801124,0.0,31.998048250000004,0.009473786684163335,31.989999999999995,32.010000000000005,6.086955895644978e-06,0.020000000000010232,-0.0003125000000032685,0.05374971374531471,0.494947113090177
19,325,894.612,899.608,0.0,0.0,0.0,0.0,0.0,-0.00048612009535658237,0.12346189536385377,-0.2112877001335611,0.7891573922748123,3.6890042501032214,17.530412444260698,75.25083612040133,797.3333333333334,125.87401108515876,155.88713866127634,332.0,60.0,0.394623892155197,0.0024705422667128966,0.3898014647122184,0.397683737953264,-0.7577417287790474,-0.8389763188952073,0.393895352707454,5.553596045118957e-07,8.346931135036838e-10,3,0.6,0.0030455753730697275,0.0037879527811641167,0.0013078662659336442,0.007565932200657287,1.999674832615372e-05,7.637012351963116,0.016690785875516777,7.606210907045706,7.668442274053726,0.043254608862098046,-0.8972596876428418,7.658016286206976,6.726926469087678e-05,-1.6462810260668458e-07,0,0.0,0.0,0.0,0.0022153927115466125,0.003687078619757566,2.7269382244315416e-05,0.33489754190995663,32.128192337390246,-70.0370395280527,41.026881050207365,-0.5802765685492226,-0.9764689506956388,-0.006690472687592864,3.949907638111505,69.31608133086876,865.6,57.522169639192164,0.06645352315063789,37.30907488436154,2.73334830405172,0.0,32.002024,0.009444741159654671,31.989999999999995,32.010000000000005,1.5740835674452902e-06,0.020000000000010232,0.0,0.5634558476608551,5.934754789532576
19,326,897.112,902.108,0.0,0.0,0.0,0.0,0.0,-0.0019855263082480335,0.12679254869171527,-0.2112877001335611,0.8931365364249249,3.689072419898429,17.930638166997092,83.10249307479225,722.0,78.821316913637,85.37915436451688,216.0,20.0,0.39290878444237937,0.002413267475775922,0.389801196005857,0.3969973770689991,0.3660377664976563,-1.2402859520147462,0.39573334176807323,5.100517871752291e-06,-1.2151942311599736e-08,1,0.2,0.0012572096179670478,0.0012572096179670478,0.00037713683143895987,0.0009167072789175771,8.79175603120657e-07,7.665687946870554,0.07586480993430905,7.604923498349076,7.84891479649352,1.2934245012009546,0.11668872262538388,7.625534350385064,3.647521694068842e-05,-9.11733640949648e-08,0,0.0,0.0,0.0,0.07246253063680794,0.22537157918032633,0.036433575494083555,1.0522030963050444,29.09985107948136,-67.67197650157364,41.165127138542175,-0.5263328525472465,-0.9011577660399324,-0.0046863405934517675,4.313347602218201,73.46938775510205,816.6666666666666,87.46808941932291,0.10710378296243622,36.71220331001621,4.062904740666358,0.0,32.0060704,0.007526694385921911,31.989999999999995,32.010000000000005,1.2422782734586245e-05,0.020000000000010232,0.0030000000000001137,0.2634755835631977,9.633105319690202
19,327,899.612,904.608,0.0,0.0,0.0,0.0,0.0,-0.0005044966039836395,0.12921253482170103,-0.1846851717388827,0.8931365364249249,3.6668229391862552,17.22606862330873,80.78994614003591,742.6666666666666,124.236333923159,120.9958676980334,332.0,40.0,0.39193026856895924,0.002627770362251343,0.3865872705025769,0.3953477009522195,-0.5282628623774688,-0.8296220835780357,0.38954250031464394,3.6302520421941887e-06,8.775986491112258e-09,2,0.4,0.0045937760272652395,0.005802594937040828,0.0020677038764462252,0.013688125785323624,5.883579918832869e-05,7.775529164930657,0.09249640593621504,7.604923498349076,7.858008295066337,-0.8748651606533874,-0.8796946402219725,7.606984457112344,0.00015673088173500947,3.7860603628682144e-07,1,0.2,0.25091884092757777,0.25091884092757777,0.09216622122059741,0.8428143736768317,0.18464114284561645,0.8378279331123911,27.524461797883554,-63.5283943405357,41.165127138542175,-0.6367580162663058,-0.7464118418180621,-0.0005802607282173037,4.4358712972909125,78.125,768.0,40.0,0.052083333333333336,35.15438684496801,4.852759292162384,0.0,32.003624,0.008805948175562092,31.989999999999995,32.010000000000005,-1.3213387016565568e-05,0.020000000000010232,-0.019999999999999574,0.2787985335046731,2.6649461400359087
19,328,902.112,907.108,0.0,0.0,0.0,0.0,0.0,-0.0010775857755180975,0.12676162612568861,-0.1401646527691918,0.813852154615814,3.6918473796158584,17.02547256287742,79.71656333038088,752.6666666666666,59.62102537416366,52.4899990474376,180.0,40.0,0.39134517310403316,0.002615531441818553,0.3865872705025769,0.3953477009522195,-0.12019504090095931,-1.0722465341222995,0.39400895722010826,5.565959936131618e-06,-1.33300760164404e-08,1,0.2,0.0013320731104350392,0.0013320731104350392,0.00040505745389868205,0.0009995501279251168,1.0201305103069945e-06,7.802431656448682,0.04504712818358399,7.724989468261727,7.858008295066337,-0.19866993832308275,-1.4305863888380352,7.836618818223259,5.9893387943647866e-05,-1.4986189713677384e-07,1,0.2,0.02128768225900135,0.02128768225900135,0.008324389416659849,0.02694832636888606,0.0004917083584040263,0.5180518608454151,24.343689776919256,-63.5283943405357,39.16516636862373,-0.7696105212634017,-0.31408843516850604,0.002726009038442236,5.013937676047144,80.42895442359249,746.0,119.00252098170021,0.15952080560549628,27.00489847566177,7.410246226938186,0.0,31.993676061538462,0.007924133275028195,31.97492307692308,32.010000000000005,-9.761657092987268e-06,0.035076923076925226,-0.017743589743588473,0.17471537456202496,0.7123910932116075
19,329,904.612,909.608,0.0,0.0,0.0,0.0,0.0,0.0004003512200830573,0.12785944407268154,-0.1391903191970867,0.813852154615814,3.594134940038545,15.696630698184915,78.53403141361257,764.0,17.34358671094304,23.664319132398465,44.0,0.0,0.3899957670040706,0.0023113138238954694,0.3860162115755964,0.3929626096479006,-0.448586718655368,-1.242553842030355,0.38744922637893875,4.414081686741265e-06,1.0534113945507078e-08,3,0.6,0.0042183836182761265,0.005512457080728839,0.0019765144571693926,0.013857281615309205,5.7928377152563905e-05,7.729704397064704,0.03798230475614631,7.669210373507917,7.806883705450071,0.29096958998123174,-1.0461415713648559,7.795226227800331,0.00010599791829075918,-2.6011684573412305e-07,0,0.0,0.0,0.0,0.0014949173379452453,0.0014866824560277455,1.162060949665623e-05,-0.7452532144328716,20.54397659521502,-47.29775928513752,31.86221192025248,-0.5264373991593577,-0.945323983833755,-0.0006880731163015566,4.467587376530959,78.4518828451883,764.8,11.099549540409287,0.014513009336309215,26.311544396651602,4.363535342036993,0.0,31.983752000000003,0.008684771902785124,31.969999999999995,31.99,-1.2938913880886067e-05,0.020000000000003126,-0.019999999999999574,0.41890559991223725,0.0821485684242731
19,330,907.112,912.108,1.1204,13.0,0.0,13.0,5.0,0.0009355518206212013,0.12322915710495257,-0.1391903191970867,0.722579468223731,3.5470522568252574,15.289812704722685,74.6268656716418,804.0,62.78853398511547,51.75326076683478,176.0,20.0,0.389370797902281,0.0019283723885899825,0.3860162115755964,0.3923974171421424,-0.40778584614020585,-1.0996599023287619,0.39065262584792626,4.557930954849447e-06,-1.1358041686468015e-08,2,0.4,0.0012059612344978432,0.001738659566568157,0.00045627688956807294,0.0011971549518712784,1.3272511863421782e-06,7.669926475233472,0.03162968811807039,7.613222936643706,7.7248894557516925,-0.019528286225031985,-1.1816593734541827,7.714054414228306,7.538612211680342e-05,-1.8122719925185351e-07,0,0.0,0.0,0.0,0.001788833095767206,0.0024476327989398283,1.72058795487107e-05,-1.396249817984778,24.75361218681338,-61.09076984052261,35.34594428600719,-0.540017808873573,-0.9443512781512537,-0.0010792337281225043,4.513198875665066,78.36990595611285,765.6,16.637307474468336,0.02173107036895028,30.45495064855848,2.7583447418747022,0.0,31.982341538461544,0.00913945272059336,31.969999999999995,31.99,1.4840854888961378e-05,0.020000000000003126,0.01538461538461533,-0.006667435440134795,3.74304028447105
19,331,909.612,914.608,19.4888,63.000000000000014,0.0,63.000000000000014,57.20000000000027,0.0011151817513564194,0.11906614756710071,-0.156380581416418,0.7986786064553066,3.725867708660022,17.52309771413731,74.6268656716418,804.0,151.74715812824965,152.3259662697073,404.0,80.0,0.3891134776996838,0.0014598382024920138,0.3862012100977849,0.3913221730466032,-0.39200841694499816,-1.246290563975636,0.3860652095009375,4.70393153318382e-06,1.1180997290606837e-08,4,0.8,0.0037591587905705798,0.005257266474243294,0.0014603286842939588,0.015240049650167647,5.711396414883367e-05,7.718225646939579,0.13891109474305027,7.608047886373647,8.075050573924921,1.3475995295823973,0.30551703521330387,7.658924564370903,6.52398925379164e-05,-1.6270633500201355e-07,0,0.0,0.0,0.0,0.1288342454626547,0.3747259770503645,0.1111367416655903,-1.2601518797257327,30.25436017593697,-75.03111325688018,35.44897436072944,-0.626689182236021,-0.8756937640116433,-0.010172749216369185,4.220424787734485,73.96449704142012,811.2,76.75415298210254,0.09461803868602384,33.11891820530732,3.1210883729988246,0.0,31.988288,0.005278778480666591,31.969999999999995,31.99,7.492551355274857e-06,0.020000000000003126,0.019999999999999574,-0.8352922356563433,0.6623686302216782
19,332,912.112,917.108,51.4908,71.0,12.0,59.0,68.0,-0.0003258057820235418,0.1193007489404357,-0.156380581416418,0.7986786064553066,3.71073197226484,17.520107872943424,77.31958762886597,776.0,75.42943722446827,112.68362791461766,216.0,60.0,0.3885751377120575,0.0016640782846723517,0.3857210276815149,0.3906884084833056,-0.291235457166017,-1.4806771226410027,0.38927754507740686,3.11961831684269e-06,-7.763413036975997e-09,3,0.6,0.0012303537293747076,0.0014061425056362542,0.00047986563378879684,0.00206036746018157,2.0011328234427144e-06,8.121887274024777,0.38298444518250824,7.608047886373647,8.775889596890881,0.21661520312756505,-1.2226413836023138,7.623854710079478,0.00033093376882693435,7.996018017136063e-07,0,0.0,0.0,0.0,0.3806656364940177,2.4955842888225006,1.9718407587204365,-0.7292900144425006,38.6457182227976,-100.20300932563644,79.99889934635866,-0.3832399484333209,-0.6557687257811811,-0.01144313815182561,5.503968433160428,85.81235697940502,699.2,221.47505502877746,0.31675494140271376,41.41895117517914,23.644073481904133,0.0,31.98200024615385,0.009467788558395992,31.969999999999995,31.99,-2.1686612614197467e-05,0.020000000000003126,-0.0036923076923081055,0.1703841222546637,8.49276935053905
19,333,914.612,919.608,69.8376,76.0,63.0,13.0,76.0,-0.0006435796009058084,0.1196306959982727,-0.1479153454437732,0.7657238751685023,3.6186724069450573,16.689900682683163,76.85738684884714,780.6666666666666,153.1204319046504,141.24022090042197,420.0,60.0,0.3895562832096796,0.0018551622134258508,0.3857210276815149,0.3921793617894448,-0.8003659262715445,-0.35497364999290815,0.3860675405076265,3.363273161668069e-06,7.790240906333867e-09,4,0.8,0.004793159640503031,0.006109537415859734,0.0018127321845604622,0.017543327993490117,7.797882752997421e-05,8.613110757584387,0.22876003759254965,8.07569860292222,8.789525020071766,-1.0801079524282098,-0.34462753052581574,8.092930589576676,0.0006115299748265591,1.471422648285273e-06,2,0.4,0.6935312975645624,0.6962021741243607,0.2278051408036251,2.6002926331508425,1.6129972955011609,0.21241948160490556,39.621840908194955,-100.20300932563644,79.99889934635866,-0.38908256145886705,-0.7556011354750303,-0.01444087427652971,5.341676828076055,89.82035928143712,668.0,146.9911561965549,0.22004664101280674,43.6012879142183,21.388848106819808,0.0,31.981984000000004,0.009456054801431817,31.969999999999995,31.99,1.6711752135552424e-05,0.020000000000003126,0.0,0.6744160476422827,12.962972432589979
19,334,917.112,922.108,59.232,78.00000000000001,0.0,78.00000000000001,77.99999999999999,0.002178971731039597,0.12727887535181584,-0.1676458701760229,0.7839081764700732,3.5898343956190106,16.264895915466155,77.85467128027682,770.6666666666666,94.13748810472195,139.48476619330157,292.0,40.0,0.38838124220213277,0.0025555721293207116,0.3838431018626529,0.3921793617894448,-0.20048829510104305,-1.146156588705721,0.3891148755772015,1.0435779122416405e-06,2.6347172881293926e-09,2,0.4,0.0021916334274506843,0.0030648622492412403,0.001047969786615512,0.003792810781645363,8.365498036843688e-06,8.687334319102034,0.12727243505089553,8.37450486641623,8.789525020071766,-1.1681136593176824,-0.11855651052832172,8.76166484218418,4.630593007422756e-05,-1.1607792312959706e-07,2,0.4,0.02518554478491275,0.027771259311125007,0.009799442321025326,0.038830807144373106,0.0007817744419275282,1.2258313302192094,33.06279346097181,-69.17273608312047,48.10185105218034,-0.5565190608507493,-0.9449972558342616,-0.009358802688768899,4.050246721900383,71.7017208413002,836.8,57.577773489429056,0.06880709069004429,39.816609911072355,6.476241140247629,0.0,31.989983753846154,0.00019516863343399014,31.986615384615387,31.99,7.750330133923344e-08,0.0033846153846113225,0.00338461538460777,0.3984545625781807,6.152950438976617
19,335,919.612,924.608,22.5168,78.00000000000001,0.0,78.00000000000001,77.99999999999999,-0.0011332324394419217,0.12775562178951616,-0.1907078549817837,0.8049146960334385,3.72794643918915,17.358569019933007,77.4526678141136,774.6666666666666,153.73050011844322,147.5127113166862,444.0,80.0,0.386597288140294,0.0019248856705847187,0.382717175637701,0.389157275719032,-0.6261979365808469,-0.9249771522367589,0.38603175139933626,2.1004185873690997e-06,-5.2758902230665395e-09,4,0.8,0.002144838333742252,0.0031262530296217172,0.0010612223151028738,0.005949536254067089,1.2708169211784268e-05,8.388181420733142,0.23994010734247562,8.024137646506958,8.777831080404027,0.1334505827528488,-1.337877411916455,8.752132534096488,0.0003515694962516567,-8.51253546390321e-07,0,0.0,0.0,0.0,0.0037990657181319588,0.004294492676543573,7.588060252939339e-05,0.7272348415369077,32.12082415401234,-75.99881375891106,46.20257417310697,-0.5167038272821539,-0.8446396570279382,-0.01026737463853514,4.420987132320627,71.15749525616698,843.2,103.20465105798284,0.12239640780121304,35.613063121648445,8.619167855959073,0.0,31.993983999999998,0.007523380909030439,31.989999999999995,32.010000000000005,1.077019313293066e-05,0.020000000000010232,0.0,0.0083926443142284,6.295172557946614
19,336,922.112,927.108,0.0,0.0,0.0,0.0,0.0,-0.0023664944701267555,0.12944299863396352,-0.1907078549817837,0.8577297592032713,3.7875764991264202,18.037889094824646,69.63788300835654,861.6,60.43839839042725,94.72064188971694,156.0,75.0,0.3853850865901987,0.0023882026255580974,0.3816900431017064,0.3887413371763906,0.006759059148928037,-1.6979260671996768,0.3882281085813547,3.906819791695522e-06,-9.618126675576263e-09,1,0.2,0.00019180221820463972,0.00019180221820463972,6.769931827291364e-05,0.00010565624272061168,2.5172969665961175e-08,8.049113383930147,0.1525346594780964,7.8358805880037075,8.373831072048896,0.4536411252670608,-0.9442134237673736,8.353177324656462,0.00037333901483945273,-9.0086913764573e-07,0,0.0,0.0,0.0,0.00174740640483985,0.0011273234203269915,1.5527058765243166e-05,-1.1487547275116747,35.28928180238606,-75.99881375891106,46.20257417310697,-0.4660434339622801,-1.0398994965690604,-0.0084405828771431,4.02658161569704,72.25433526011561,830.4,104.94188868130782,0.12637510679348243,38.04892959319458,8.534569778188274,0.0,31.989656,0.012473245960292053,31.969999999999995,32.010000000000005,-2.461088295095563e-05,0.040000000000009805,-0.019999999999999574,0.6570260699137257,2.616452251759071
19,337,924.612,929.608,0.0,0.0,0.0,0.0,0.0,0.002057970134403736,0.12964721008591393,-0.1696855180073322,0.8577297592032713,3.525451477639622,16.14208372071242,78.74015748031496,762.0,108.48041297856494,151.2507851219292,324.0,60.0,0.38410385987679296,0.0022386336138225053,0.3795269304281973,0.3873727986053966,-0.18950778556840941,-1.0716871836620812,0.38253262327956083,6.592525624695013e-08,1.0982874532854554e-10,4,0.8,0.0028553354141339915,0.004840151161180861,0.0017828525715789243,0.009533450955694911,3.4061103505255946e-05,7.856643073522878,0.0751876531566944,7.765663645204349,8.023735369829769,0.6211795515819519,-0.8843125956386308,8.009015514457374,0.00021073315591064274,-5.085239028475748e-07,0,0.0,0.0,0.0,0.0013862881803980702,0.0010030648165686494,9.813995567853728e-06,0.12977822048915733,36.25870077617983,-73.08557408012521,47.28983555296027,-0.4910916381905493,-1.1250846338823213,-0.0067468979602596,3.7829491893216507,72.8862973760933,823.2,58.61057924982485,0.07119846847646362,43.284516589171325,2.690685209604228,0.0,31.979592000000004,0.009491833735440757,31.969999999999995,31.99,-8.86355511266326e-06,0.020000000000003126,-0.019999999999999574,-0.12809939330103443,5.853860104221667
19,338,927.112,932.108,0.0,0.0,0.0,0.0,0.0,0.0008106318303397972,0.11849139418643131,-0.1285470843548299,0.7635063523086999,3.4193753126914137,15.23905020521508,80.57296329453895,744.6666666666666,127.50947677199004,120.50560152955546,344.0,40.0,0.38263385713814396,0.0025311950175369085,0.3795269304281973,0.3873727986053966,0.6164073042041089,-1.1607202566204562,0.3854006292796501,3.4004546771667203e-06,-8.420392012765612e-09,1,0.2,0.0019700853962401066,0.0019700853962401066,0.0005250439278183504,0.0012586138427137731,1.6945419190890182e-06,7.7615782581225705,0.036845414099246715,7.699272268230291,7.835648240501605,0.019486081661505533,-1.0610495209734738,7.824819722779485,9.382351409180543e-05,-2.3075581664368064e-07,0,0.0,0.0,0.0,0.0011942568458721574,0.0010303159301030896,7.346649573432624e-06,1.5229074414580355,33.68978007567296,-71.52601430632333,47.28983555296027,-0.5983955530561577,-0.9219852124148447,-0.006855471383087531,4.0493990087364855,75.0625521267723,799.3333333333334,54.86954224947267,0.06864413125455296,41.23619950216897,4.7396712881601335,0.0,31.977944,0.009086383849917643,31.969999999999995,31.99,-1.163582184669139e-06,0.020000000000003126,0.0,0.6366682982888012,5.510411167766648
19,339,929.612,934.608,0.0,0.0,0.0,0.0,0.0,-0.0009969010774916946,0.11558038016120586,-0.1281316630385085,0.7024651558823707,3.5264784887498424,15.735697082545432,72.8862973760933,823.2,13.386560424545209,19.390719429665317,32.0,0.0,0.3806433340695324,0.002025128108503048,0.3765771338803622,0.3837043528372461,-0.34527191224475307,-0.8909490159549698,0.3815114630655926,1.0537139546350593e-06,-2.5440169990410408e-09,2,0.4,0.0012737976315540522,0.0021936227003749864,0.0007121719233798395,0.002184953266701096,3.4894063922041806e-06,7.697273831220242,0.038562519575337295,7.626676554235296,7.765565185961772,-0.04968369199708098,-1.0594428820982786,7.753929372538204,8.520835643835096e-05,-2.036663340817485e-07,0,0.0,0.0,0.0,0.0018859630045705933,0.0024056511533036887,1.8949503120112017e-05,1.3162688294499325,34.00601190044165,-73.61359420260337,51.39193875075873,-0.593125774350841,-0.9109262183239473,0.0006575752350082088,4.223508538900512,75.25083612040133,797.3333333333334,38.9187187182038,0.04881110207132583,42.828275016109714,6.196249282315207,0.0,31.976383999999996,0.008751473278493328,31.969999999999995,31.99,-2.313688520742739e-06,0.020000000000003126,0.019999999999999574,0.4355437293790218,2.3645387443080352
19,340,932.112,937.108,0.0,0.0,0.0,0.0,0.0,2.846524437490263e-05,0.11950561591416474,-0.160244784274813,0.7425187199160515,3.557206942589185,16.083252294160012,72.18479307025986,831.2,37.88403357616504,43.497126341863094,104.0,25.0,0.3803619794742916,0.002227213570188447,0.3765771338803622,0.3837043528372461,-0.1284422642353816,-1.4125677850343854,0.38209704931060484,4.611395520087796e-06,-1.147584303614773e-08,2,0.4,0.0009179788267386635,0.001601075246510042,0.00048209057686353086,0.001205775658644365,1.4526217225026383e-06,7.628084581932642,0.04152600684356443,7.562730106754529,7.69918721663289,0.08230145100435084,-1.2998497313972985,7.687494131576005,8.832279216738941e-05,-2.1860775980376957e-07,0,0.0,0.0,0.0,0.002003587009991931,0.002680223736820281,2.1517123099470366e-05,0.8398217678967723,36.208123635560334,-73.61359420260337,51.39193875075873,-0.5155839099533813,-1.0862985790388573,0.004217035247703973,3.917134077838006,76.85738684884714,780.6666666666666,81.01028741256673,0.10377064997339888,45.34399333446767,6.542416536142331,0.0,31.977968,0.00944584841141621,31.969999999999995,31.99,6.207348612697635e-06,0.020000000000003126,0.0,0.0945144294376896,4.672593778587284
19,341,934.612,939.608,0.0,0.0,0.0,0.0,0.0,0.0006132372732316306,0.11999771440228223,-0.160244784274813,0.7632414104764648,3.6788529541801362,17.262177795051542,68.68131868131869,873.6,44.5061793462436,53.85164807134504,96.0,50.0,0.38006635763741675,0.0022162364004401974,0.3751492870262914,0.3839982954022843,-0.13911839174876747,-1.0965401360952414,0.3768613594651236,4.718042918027246e-06,1.1139606305534609e-08,3,0.6,0.0043211905939856314,0.007133654332644401,0.0021415943203600954,0.01623630706077532,7.564237018540715e-05,7.563855704281089,0.03274842717634154,7.507339837486217,7.626558536260182,0.11863805211784756,-1.0572801564276055,7.615434379636275,7.155738428868713e-05,-1.7349384782219673e-07,0,0.0,0.0,0.0,0.0016502683025063072,0.0019208703068413371,1.4360853198325483e-05,-0.784901079346022,39.945919717058615,-81.00036021196371,55.55791655181278,-0.43331529348166814,-1.1522737832712515,0.0033020235099537666,3.894063055334966,70.62146892655367,849.6,57.452589149663225,0.0676231039897166,50.44566486932079,3.921727179512244,0.0,31.973240000000004,0.011945081743326999,31.95,31.99,-2.9353644386303507e-05,0.03999999999999915,-0.039999999999995595,0.15465191181793167,1.9401502452349888
19,342,937.112,942.108,0.0,0.0,0.0,0.0,0.0,-0.00028866403378513663,0.11822934838035894,-0.1501715699563406,0.7632414104764648,3.726421383027934,17.669555847429493,68.18181818181819,880.0,29.664793948382652,44.81071300481616,76.0,25.0,0.37883130866412507,0.00278227212016291,0.3731391761386814,0.3839982954022843,-0.2567500041512824,-0.4702535467895199,0.37964126361094214,1.7630449632930442e-06,-4.36919809120089e-09,2,0.4,0.002666325931157093,0.004355230713100955,0.0012334630679340303,0.0034723923289268223,1.001501518473181e-05,7.50891949428416,0.03104992050056114,7.4575274481327956,7.56266784873242,0.08468662958182402,-1.261115806442726,7.551674312087795,6.147850549883178e-05,-1.5280617620024087e-07,0,0.0,0.0,0.0,0.002088095953255543,0.003111516660319358,2.3746631662894668e-05,-2.0671054239267987,42.56141985470096,-86.38107900993684,55.55791655181278,-0.40674722931595525,-1.2148930148336,-0.0013111265044352407,3.789749709937452,67.56756756756756,888.0,42.708313008125245,0.048094947081222125,53.26068257900423,1.4200754175918964,0.0,31.9619673442623,0.009095820144143113,31.95,31.97,-1.409187314991942e-05,0.019999999999999574,-0.0026229508196706774,0.20912723493930352,0.6142506142506221
19,343,939.612,944.608,0.0,0.0,0.0,0.0,0.0,-0.0008349186883269038,0.11853673762533738,-0.1594642596336022,0.7600986032061603,3.6229689590542535,16.837998975623965,74.13509060955519,809.3333333333334,106.84318727306233,134.2356137543238,292.0,60.0,0.37764458162974035,0.002333531818959966,0.3731391761386814,0.3806172596004478,-0.4004345002699638,-1.20745892210711,0.3753334576712531,2.8019422779298306e-06,6.409685503314216e-09,3,0.6,0.004437591312604905,0.005282330632922827,0.0019711583620245017,0.012778957705549172,5.208251215421852e-05,7.45754681420351,0.02782593729530494,7.413293009450821,7.507243642136408,0.043944323469257626,-1.2225488849122315,7.496795752542815,6.111875838077522e-05,-1.441146016130303e-07,0,0.0,0.0,0.0,0.0017630451810722765,0.0024120906845686778,1.6712735100281026e-05,-0.9485014233888085,41.40544981339865,-86.38107900993684,55.251637358414285,-0.4905561169238575,-1.1067313957411076,-0.00562770745767377,3.9013952615407526,68.64988558352402,874.0,31.069813860616115,0.03554898611054475,52.56629569424929,1.8735376528757846,0.0,31.960224,0.009163414257709295,31.95,31.97000000000001,7.038161304602624e-07,0.020000000000010232,0.019999999999999574,0.030281441191813488,5.485205026031167
19,344,942.112,947.108,0.0,0.0,0.0,0.0,0.0,-0.0009072344648627034,0.11110273701881691,-0.1594642596336022,0.7600986032061603,3.7042183430727156,18.613215873015413,75.82139848357203,791.3333333333334,142.6024777718349,149.3987951758648,380.0,60.0,0.37641709509605725,0.0018093277055511482,0.373165394660923,0.3804903424060267,0.24372735922872543,-0.6989399866126722,0.3798261082921692,6.355059768597416e-06,-1.54442891618068e-08,0,0.0,0.0,0.0,8.472597318110204e-05,7.640138057448442e-05,3.707100057543278e-08,7.414051723919928,0.02290597434838432,7.374021926610339,7.457435083034351,0.1313188991524412,-1.0521458555176424,7.44727403044659,7.874769976840901e-05,-1.9216867982233374e-07,0,0.0,0.0,0.0,0.0016990865831897652,0.002391438160211415,1.558581688329516e-05,-0.5469088289613457,40.2134736299319,-83.72629287356501,55.251637358414285,-0.5258460189016407,-1.073766004282443,-0.014529719384135933,3.952090657213414,70.6880301602262,848.8,47.277901814695625,0.05569969582315696,48.85846655981265,4.510412816698164,0.0,31.965888655737707,0.007715689341854274,31.95,31.97000000000001,8.70461846015407e-06,0.020000000000010232,0.0022950819672118428,0.537986381503446,5.13336832334582
19,345,944.612,949.608,0.0,0.0,0.0,0.0,0.0,0.000522988460751629,0.11673156579813038,-0.1543432799610673,0.7492901699651988,3.534531451041203,16.26639174161942,75.44006705783738,795.3333333333334,97.4364750320262,133.32666649999166,280.0,40.0,0.375762419658825,0.001292470095971647,0.373165394660923,0.3778758421304473,-0.3456325057125386,-0.9427869141521592,0.37583842039647153,7.501852517650866e-07,-1.6902706070775598e-09,4,0.8,0.0012255059710338384,0.0020378003956720847,0.0006290195248501456,0.0024870315443753727,3.2148229482338454e-06,7.374456333364509,0.023147212738496077,7.335480014219685,7.413247985703936,0.023208043125446942,-1.2703304169497596,7.403015455376756,6.849639246200104e-05,-1.7118978538412079e-07,0,0.0,0.0,0.0,0.0022457905936768136,0.003910809240863277,2.828810707332842e-05,0.7261914265600541,38.83697018114909,-78.96059051874225,49.9875041129341,-0.5861080451249463,-1.018385146197695,-0.0066707070219143485,3.786226559227855,68.74427131072412,872.8,31.799371062962862,0.0364337431977118,46.99952308469647,2.548259903470729,0.0,31.97,1.5926335113563518e-15,31.969999999999995,31.97000000000001,-7.648581618564765e-18,1.4210854715202004e-14,0.0,-0.1267664911818617,6.695795747113266
19,346,947.112,952.108,0.0,0.0,0.0,0.0,0.0,-0.00017272157581175752,0.11768102698657436,-0.1543432799610673,0.7483388438116885,3.5622954073166277,16.32314033115982,73.58953393295175,815.3333333333334,54.459771085331106,67.00447746233083,124.0,40.0,0.37651083101845084,0.0016237318415875512,0.3739001420194303,0.381492430376917,1.1720777564136977,1.8690655743897482,0.3773473242672238,4.064845477932703e-06,-9.881293176422305e-09,1,0.2,0.0041478945601362005,0.0041478945601362005,0.0009540009664499459,0.0016187866135827511,5.071575223298945e-06,7.3350568894483335,0.022070831484232455,7.296921784208691,7.373932783324797,-0.021224726446011383,-1.2038407593643015,7.364184685863994,5.226364179420593e-05,-1.281667513093638e-07,0,0.0,0.0,0.0,0.00167151279203468,0.0025264775206674077,1.5254698583994742e-05,-0.057132006004885445,41.2071684639039,-85.84995798186995,57.792253680713216,-0.529478894582237,-1.067095190288727,-0.016955898092677366,3.9896540366194353,72.5338491295938,827.2,49.50959502965056,0.059852024939132685,50.748379858871736,3.8362395533152744,0.0,31.966049828571432,0.00752422198036835,31.95,31.97000000000001,-1.4499901942801683e-05,0.020000000000010232,-0.0037142857142775654,0.00839965303510248,1.0556848033579485
19,347,949.612,954.608,0.0,0.0,0.0,0.0,0.0,-0.0015482999511362678,0.11846314500067237,-0.1566859816059729,0.7896742514686748,3.8674017993712337,19.20434500559907,73.0282375851996,821.6,124.85511603454623,152.499180325666,292.0,75.0,0.3756985116708269,0.0028369341883384995,0.3699855297861326,0.381492430376917,-0.3474320413050262,-0.4024435445620167,0.37425038465494853,3.941398560794203e-06,9.386222379084694e-09,3,0.6,0.004640393070169872,0.007248248410448133,0.0018583939732959753,0.010680594793214692,4.007434366201926e-05,7.298532332814374,0.02002340902373333,7.267697675593877,7.335423129319269,0.22207860770292415,-1.2149350988913061,7.325330279090318,3.151809388476149e-05,-7.438804366340974e-08,0,0.0,0.0,0.0,0.0020930621447112874,0.00354284190291197,2.4425784405682268e-05,0.4902354885472052,40.44573018126086,-85.84995798186995,57.792253680713216,-0.524627393930944,-1.047558336255679,-0.0005233524637129983,4.0543833817784645,70.82152974504248,847.2,51.799613898174954,0.06114213160785523,50.709223130785496,4.405213184702531,0.0,31.959728000000002,0.009454449095729331,31.95,31.97000000000001,-1.623952399328092e-05,0.020000000000010232,-0.019999999999999574,0.6733265902918658,2.2067078401571223
19,348,952.112,957.108,0.0,0.0,0.0,0.0,0.0,0.0006734260854702317,0.1278053587543194,-0.1566859816059729,0.7896742514686748,3.645812542763633,16.272269402068765,67.8119349005425,884.8,51.87677707799512,60.959002616512684,120.0,75.0,0.37422454246370973,0.0023847467038568414,0.3699855297861326,0.37849944538479,0.033605840927228875,-1.0399719078626959,0.3758491426753482,3.896611588533251e-06,-9.260253133300046e-09,2,0.4,0.0014366227175057478,0.0026453988219355407,0.000756308000103743,0.0018516665634367865,3.544449312297989e-06,7.265536580784622,0.018368488250484635,7.2308408944125375,7.296848629066034,-0.24309164233638966,-1.021344923924825,7.287390185546415,5.733200868198364e-05,-1.3743428866316846e-07,0,0.0,0.0,0.0,0.0017470041781673402,0.002877842879060061,1.6925763992608246e-05,3.209004940033109,38.214524215568524,-76.97463117470157,52.10057107294202,-0.5918855350609634,-1.0617521481969263,-0.0014807697301862958,3.767642538543084,67.0840787119857,894.4,33.538038106007335,0.037497806469149526,47.592058012558645,3.1374657114444955,0.0,31.949702171428566,0.011930783531425902,31.93,31.97,-2.143433636937627e-05,0.03999999999999915,-0.016571428571424462,0.15816939022991286,0.7278561885567996
19,349,954.612,959.608,0.0,0.0,0.0,0.0,0.0,0.0007643891680079909,0.12291560384032109,-0.1454839801425157,0.7448219755738099,3.4959275335098248,15.27881220736349,70.09345794392523,856.0,41.08527716834828,46.389654018972806,108.0,25.0,0.37280020908085343,0.002035663755978635,0.3694604649965571,0.3760742008325831,-0.0036860633505908795,-1.4002076317827612,0.3719124655335965,1.244493323700449e-06,2.909762643730501e-09,2,0.4,0.0036856235935892323,0.0041624284391704736,0.0014872290142950923,0.006917523035029873,2.0628946102757908e-05,7.230983858824288,0.02208317346660737,7.191519342674715,7.267633606350167,-0.019470969175812963,-1.1869088571805084,7.257956920428027,5.09177461801193e-05,-1.2039486375789935e-07,0,0.0,0.0,0.0,0.0019084480898646284,0.003694726642429995,2.095472828728222e-05,1.0198386768361891,39.6815301394404,-76.97463117470157,53.590207253574505,-0.5195030674421067,-1.1889277962610423,0.007240183706152247,3.684209878303377,67.93478260869564,883.2,54.508714899546106,0.06171729494966724,47.63772116424269,3.568307211011628,0.0,31.948351999999996,0.01060769207912882,31.93,31.97,2.1851825825198076e-05,0.03999999999999915,0.019999999999999574,0.5225075691597801,2.1586753352295887
19,350,957.112,962.108,0.0,0.0,0.0,0.0,0.0,0.0011936141297775261,0.11962379631011422,-0.1454839801425157,0.7244179882551716,3.494158028481421,15.478950239703078,69.57328385899815,862.4,46.18224767158914,53.88877434122992,124.0,50.0,0.3728726761803371,0.0021346485311703237,0.3694604649965571,0.3766160667264979,0.016038654243522,-1.2439539205978563,0.3742954124652586,5.784171190163264e-06,-1.386059463522783e-08,2,0.4,0.0015676013370106712,0.002324953335155977,0.0006572015464514507,0.0015863046614363323,2.66211387770412e-06,7.191720695340649,0.02330656536177779,7.1504545899262855,7.230792290958783,-0.041132163936251645,-1.227923927245744,7.220842326895642,5.631825786172593e-05,-1.4089010118888526e-07,0,0.0,0.0,0.0,0.0019387904887338799,0.003135907113859442,2.0770949163526936e-05,-0.18761742227279937,39.84304044654405,-80.70402304890962,53.590207253574505,-0.5098697795774146,-1.1471543235498474,0.012700100308504696,3.8122470168301428,72.46376811594203,828.0,24.49489742783178,0.029583209453903116,47.91737423426141,3.4970515108480495,0.0,31.958345476923075,0.009339395787487239,31.95,31.97000000000001,7.918263243697644e-06,0.020000000000010232,0.01476923076922887,-0.4589864681300465,2.8904842569438784
19,351,959.612,964.608,0.0,0.0,0.0,0.0,0.0,0.0011643562186425924,0.11888101801085174,-0.165988489844941,0.734174650121558,3.583159166971875,16.33752800161603,68.18181818181819,880.0,60.663003552412405,59.59865770300536,152.0,50.0,0.37231626830697817,0.002360995050333432,0.3690615577911111,0.3766160667264979,0.24469178725864613,-1.2850910620116645,0.37263287826330754,2.0465242101084884e-07,-3.4538981339684186e-10,2,0.4,0.002777400048266543,0.003982908907848359,0.0012472618869340962,0.004549837756220566,1.1914626275263201e-05,7.150440084375626,0.023993866196768292,7.110853635686349,7.19146633444592,0.031922448449641115,-1.2869292328136936,7.181451462202206,5.3041723250363105e-05,-1.2969544368774792e-07,0,0.0,0.0,0.0,0.001986288779016345,0.0031700102475232567,2.174582396619906e-05,-1.9917727414718411,43.712920079043975,-90.25702297363556,56.86689446862555,-0.46360938908686644,-1.1286618488473483,0.002347875171962641,3.8502430098842773,68.30601092896175,878.4,63.661605383464845,0.07247450521797,50.69885130038265,4.9074212402990245,0.0,31.959728000000002,0.009477009847437181,31.95,31.97000000000001,-1.625248784156746e-05,0.020000000000010232,-0.01999999999999602,0.6586760595214762,0.12419274714356732
19,352,962.112,967.108,0.0,0.0,0.0,0.0,0.0,-8.036486123066916e-05,0.12064086830609258,-0.165988489844941,0.7579394111590225,3.546646697310176,16.136130455938666,73.74631268436578,813.6,42.10463157421046,52.687759489277965,108.0,50.0,0.37160004707319444,0.0019491363256578516,0.3680045985054962,0.3754871604583653,0.3700184258404786,-0.96988713465996,0.36958952485741786,2.65433405713186e-07,-5.417413312112764e-10,3,0.6,0.003382607183771591,0.005897859830297558,0.0018469385277859248,0.01045586743540056,3.890888148177368e-05,7.116645119121316,0.015614050933941184,7.095883954573496,7.150391476861712,0.5287780823377582,-0.8602255645003303,7.140544452762672,6.789152830603761e-05,-1.6963031593508887e-07,0,0.0,0.0,0.0,0.0017964161602678698,0.0026481328566024375,1.7545716640909706e-05,-0.4169197974582712,44.26046375553149,-90.25702297363556,65.15783359433978,-0.4715879213859575,-1.1199820276142727,0.010094434333405518,4.001325728355013,70.15902712815715,855.2,85.80909042752988,0.10033803838579265,53.38332369427551,7.618375344340134,0.0,31.957743753846152,0.009183932146592222,31.95,31.97000000000001,5.229483125591083e-07,0.020000000000010232,-0.008923076923071704,-0.8226795502018871,3.587285556208627
19,353,964.612,969.608,0.0,0.0,0.0,0.0,0.0,-0.0010191674285815135,0.12085973127925602,-0.1651057826723214,0.7579394111590225,3.6225996424297686,16.62140070311513,74.7011952191235,803.2,32.42221460665511,27.349588662354687,76.0,0.0,0.3706147239346626,0.0028828231161521648,0.3663118787547262,0.3754871604583653,0.028908973136358058,-1.317736139540666,0.3720994579945831,3.5152132602503068e-06,-8.830215302235553e-09,2,0.4,0.0018471306895649908,0.0033844968033048817,0.001021628394077176,0.0029868216241858473,7.000039632675648e-06,7.114237887503681,0.011331358329839098,7.095883954573496,7.127042791515443,-0.23933089955905434,-1.5397812605453414,7.102421126997372,3.7471905886153404e-05,-9.415669682011479e-08,2,0.4,0.024491445284995805,0.024651074217586277,0.010189959974345828,0.06330632923074092,0.001321415307348848,1.2814479737983235,43.13221420074691,-92.88668444816965,65.15783359433978,-0.492269523267371,-1.0444036991713914,-0.0013055696192951572,4.171889931751147,75.1503006012024,798.4,37.373787605753854,0.04681085621963158,55.5108960362736,9.34692449322591,0.0,31.954079999999998,0.007592184410149372,31.95,31.97000000000001,-4.408138501186925e-06,0.020000000000010232,3.552713678800501e-15,-0.8950181912662736,0.4491053820788977
19,354,967.112,972.108,0.0,0.0,0.0,0.0,0.0,-0.0012830241619596536,0.11972958250243189,-0.1651057826723214,0.7558014579544586,3.7017994429507666,17.18172588891586,74.40476190476191,806.4,43.04416336740673,35.38361202590826,112.0,0.0,0.36938567372577874,0.0017507601762871351,0.3663118787547262,0.3724062828123621,-0.23708943631605778,-0.9902277796593522,0.36789241944921397,2.0995163511480623e-06,-5.250545545348375e-09,4,0.8,0.003142276249088194,0.004514824428350717,0.0013893965116589147,0.008750348497077301,2.4973350525211416e-05,7.143439424530551,0.03442009545886322,7.112486790584502,7.219933586940047,1.2014213867067218,-0.1738386757264374,7.108887004979701,6.395881081205539e-06,1.5235001578204103e-08,2,0.4,0.017997800624276028,0.01816077707375463,0.03441758278672659,0.17252143418461327,0.011887460228476598,0.8269647364568067,44.96356201188709,-92.88668444816965,69.53855685276798,-0.4777913948213048,-1.0255396659711922,0.011340355205592907,4.157006764933099,75.0,800.0,33.823069050575526,0.04227883631321941,59.9821375368812,6.907053024954773,0.0,31.945838769230765,0.007975981587256577,31.93,31.95584615384616,-1.6149197683180668e-05,0.02584615384616029,-0.02584615384615674,0.3192787572236138,0.5952380952380878
19,355,969.612,974.608,0.0,0.0,0.0,0.0,0.0,-0.0002614346402489761,0.12251471301441921,-0.1382581525032429,0.7655233358520515,3.6421366053236746,16.549000896047943,71.7017208413002,836.8,24.560130292814,32.802438933713454,60.0,0.0,0.3685942296687959,0.0022735750389864823,0.3635482702786443,0.3723800156485696,-0.6136765898030255,-0.4890578338200453,0.3718035194147021,4.840662783270432e-06,-1.1750719244063012e-08,0,0.0,0.0,0.0,6.405407852148839e-05,4.8466660267258104e-05,2.0990078971652554e-08,7.186417394732931,0.0383210955104471,7.112486790584502,7.221826891920457,-0.9461048113036344,-0.6642918160226721,7.112500250551678,6.442969574953908e-05,1.5164275909077382e-07,1,0.2,0.10928460870249967,0.10928460870249967,0.03826054011848072,0.36942741614103175,0.03463221019463019,0.3313502621678381,47.1145987790527,-101.59790109299234,69.53855685276798,-0.4844046437502588,-1.0287070860172423,0.006212844006548414,4.185189674002826,76.85738684884714,780.6666666666666,107.878944501078,0.1381882295060777,58.97814212856353,10.855486916896567,0.0,31.937976000000003,0.009439086551679252,31.93,31.950000000000003,-1.0411168263112884e-05,0.020000000000003126,0.0,-0.5300804134173133,5.155666007546941
19,356,972.112,977.108,0.0,0.0,0.0,0.0,0.0,-0.00011084696655777276,0.12116927346717501,-0.1396312705340638,0.7655233358520515,3.688820090292372,16.89089083714245,72.74490785645006,824.8,21.241468875762806,32.61901286060018,52.0,25.0,0.36859414884079567,0.0021958626101392705,0.3635482702786443,0.3708040224384332,-0.8690084900788446,-0.46629892148755436,0.3696991238289384,6.354838056353154e-06,-1.518120395482245e-08,3,0.6,0.0010008294086456722,0.001109541919426138,0.0004038827374463738,0.0017634368334480694,1.4372219606208807e-06,7.184455841242448,0.02989252471549332,7.129209848474282,7.221826891920457,-0.2809127779139096,-1.279202530477667,7.209708771666515,4.616909513173307e-05,-1.1505240759705104e-07,1,0.2,0.01202907334587966,0.01202907334587966,0.004503290263778972,0.01305520830010858,0.00013551074254052525,-0.4165041666774108,45.83424869765544,-101.59790109299234,66.48719250677146,-0.46587232778966847,-1.0344875342923883,0.013910482880061477,4.220896055471294,71.63323782234957,837.6,27.655017627909768,0.0330169742453555,60.45608934500704,4.564846730540854,0.0,31.938143999999994,0.009303066537789857,31.93,31.950000000000003,1.546859485988085e-05,0.020000000000003126,0.019999999999999574,-0.7879428839998883,1.1116700341004844
19,357,974.612,979.608,0.0,0.0,0.0,0.0,0.0,-0.000508039180010077,0.11664158040959238,-0.1740122341855341,0.7412174665794102,3.68886568368471,17.31258647454505,75.1503006012024,798.4,42.57698909035255,43.95452195167182,104.0,50.0,0.36779221603284784,0.002738659728226453,0.3627018777224296,0.3708040224384332,-0.28843586735803584,-1.5199047280274223,0.36936610554495275,1.405525331066521e-06,-3.546619060114654e-09,3,0.6,0.0013284149274074102,0.0014372526104191041,0.0005590410803767841,0.0025206069799405184,2.833310399187507e-06,7.131794546636482,0.030615957066895776,7.082471273944951,7.187846030524009,0.20432058836325465,-1.1954036529349188,7.177340227999044,7.26893063740385e-05,-1.7334167622301253e-07,0,0.0,0.0,0.0,0.0017626852903881254,0.0024106355540923323,1.6705033882216413e-05,0.15426139576760362,40.5882095439427,-81.48043945154436,59.38635620206807,-0.48715248405611994,-0.9842470662041114,0.008358750332208781,4.027339182440963,73.60157016683023,815.2,35.259041393662415,0.043252013485846924,55.67528253635546,3.2838973260379434,0.0,31.939776000000002,0.009478267114179852,31.93,31.950000000000003,-8.456545572183039e-06,0.020000000000003126,-0.019999999999999574,0.8790303405252936,1.5487304343721746
19,358,977.112,982.108,0.0,0.0,0.0,0.0,0.0,0.0003872036771149251,0.1191830504446277,-0.1740122341855341,0.7958954968095207,3.763470145588533,18.00382077589614,65.84723441615452,911.2,120.1132798653005,103.05338422390601,256.0,50.0,0.36623350310994807,0.0018313818810481088,0.3627018777224296,0.3698488916645048,0.3975436018215088,-0.48081699579959425,0.3681540982625431,6.254277297143341e-06,-1.52493790396666e-08,1,0.2,0.0016994001280162818,0.0016994001280162818,0.0004904989447176864,0.001030950139429516,1.4148077317154156e-06,7.080625778910151,0.028051633240340174,7.03304377665362,7.12911705072332,-0.06027595196150506,-1.2633871112318191,7.1192775134070425,4.523215649507308e-05,-1.0881699657609523e-07,0,0.0,0.0,0.0,0.0015421444369148206,0.0019145865123933882,1.2629605776393536e-05,0.10674561024848189,47.09905150298533,-102.1031440946188,66.60701105413933,-0.4869280995647442,-0.98808029953382,0.01255416475809754,4.1392833317160465,72.32401157184185,829.6,93.40663787975672,0.11259237931503943,59.33369370011965,6.357187553700664,0.0,31.9340456,0.007654948042061121,31.93,31.950000000000003,-1.3721978446067042e-05,0.020000000000003126,-0.006333333333333968,-0.3493158458290942,6.47677715568733
19,359,979.612,984.608,0.0,0.0,0.0,0.0,0.0,0.0005719980576077142,0.12322032367849682,-0.1513225787780166,0.7958954968095207,3.7437669194950325,17.512892326374033,66.43046944198406,903.2,86.04185028228996,72.41546796092669,200.0,50.0,0.36590448076965765,0.002034844604995469,0.3631755402029681,0.3698488916645048,0.4883545856013595,-0.8912067924555265,0.3641969820668076,3.898373937419054e-06,9.435149611466127e-09,2,0.4,0.00439768341533775,0.005655435016424737,0.0018554675889849443,0.009359824047241061,3.47383724442567e-05,7.033523499168159,0.026455981213025063,6.986687984217062,7.082369886636351,0.03050581621593293,-1.0861185179148733,7.07254473958947,5.9709941260521206e-05,-1.4826750143147568e-07,0,0.0,0.0,0.0,0.0014837898870286895,0.0017867336273014462,1.1651724618959056e-05,-1.6706021665941346,47.176138746809784,-102.1031440946188,66.60701105413933,-0.41323515067848476,-1.0644610948349726,0.0018497540676435352,4.110529768864146,63.02521008403362,952.0,81.38795979750321,0.08549155440914204,58.258471731761645,8.982941678466593,0.0,31.937935999999997,0.009416250823262792,31.93,31.950000000000003,1.4423929871339108e-05,0.020000000000003126,0.0,0.6804349514988866,3.4052593579504418
19,360,982.112,987.108,1.0308,7.0,0.0,7.0,5.510000000000014,-0.0006312156841786178,0.11760589396927693,-0.1513225787780166,0.7727910260970806,3.722552579720842,18.048708821004542,72.25433526011561,830.4,149.62887421884855,122.55610959882824,380.0,75.0,0.36592568544528375,0.001681539209392026,0.3631755402029681,0.3679773380893077,-0.40340234433006505,-1.4796241220942217,0.3665389334490005,3.874401521511773e-06,-9.090692960295367e-09,3,0.6,0.001196175750442267,0.0014185878650713746,0.0005059050034328052,0.0021047714464524224,2.16833419232855e-06,6.987459411828918,0.026978480422473403,6.947058990216688,7.032990324284087,0.05906478490425089,-1.304756897840206,7.02294124030284,3.6765241407534314e-05,-9.096683391358478e-08,0,0.0,0.0,0.0,0.0020877137632781097,0.003395770635801862,2.4108664108251905e-05,-3.679082080718093,41.92059277647548,-95.06991709691243,53.20878796341703,-0.4573968894612383,-1.0415683805797005,-0.005595579902981123,4.096083690052269,67.95016987542469,883.0,75.99122756388837,0.08606028036680449,48.465575176758186,6.619329545202645,0.0,31.93797909565217,0.009403083859337169,31.93,31.950000000000003,-2.1267339028812814e-05,0.020000000000003126,-8.695652174139923e-05,-0.584589282583609,4.3041653846909185
19,361,984.612,989.608,8.5628,30.0,0.0,30.0,21.0,-0.0006143771857412143,0.11761004710022478,-0.1380532511108481,0.7845689277397627,3.737839457701964,18.250015180424935,70.09345794392523,856.0,123.45039489608772,165.56569693025182,312.0,50.0,0.3654591145424741,0.0024049027783444627,0.3611783386273441,0.3681910653535841,-0.5066201412721816,-1.4161089750810094,0.36543901040973786,6.629727226728858e-07,1.5883893388361458e-09,3,0.6,0.002582421174514941,0.0027516851182765034,0.001017493409393469,0.00562722734842607,1.150909519987271e-05,7.078519274221038,0.14574007109832857,6.947058990216688,7.344658753940952,0.7372434853876767,-1.1520802646717756,6.978183606117427,1.2200435949031278e-05,-3.036401734545276e-08,0,0.0,0.0,0.0,0.13933651782171114,0.5403503092925372,0.15555352815743173,1.3554829876913412,45.26811924062142,-98.5100162689296,64.42485917409608,-0.5988613575385245,-0.8969322731066445,-0.0003746998483004344,4.147955549716426,66.60746003552399,900.8,54.4352826758528,0.060429931922571935,53.857422587000805,8.913159195788083,0.0,31.938031999999996,0.009436797407450575,31.93,31.950000000000003,1.4616790154753402e-05,0.020000000000003126,0.0,-0.9508464271151675,3.485997908401245
19,362,987.112,992.108,24.2008,35.0,7.0,28.0,34.0,0.0001730464928843329,0.1228068051358734,-0.1604589531050387,0.7948525866592548,3.7003583330932197,17.273571341651778,69.96268656716418,857.6,40.65464303127012,45.65084884205331,100.0,25.0,0.364424095314792,0.001989398349124884,0.3611783386273441,0.3681910653535841,0.22689019413792222,-1.0613513783983881,0.36700870478293174,6.785771208070152e-06,-1.6468915367517404e-08,2,0.4,0.0006884037710731539,0.001164657693898119,0.0002415977378819851,0.00037660163247122725,3.2027277510909096e-07,7.308287233306925,0.1563226764464322,6.960850599794439,7.578635910435705,-0.518000608362996,-0.31887086568869183,6.96946505157441,0.00036702532196938826,8.823738144510529e-07,1,0.2,0.37510203974828826,0.37510203974828826,0.15584453217171954,1.6932026842084795,0.6955525920706443,3.8938785339386013,45.867261272859096,-105.02588766798058,65.54424940075751,-0.6754630362999487,-0.7627424348332026,-0.003586705166401278,4.261075756884699,66.54835847382431,901.6,180.4350298583953,0.20012758413752804,56.57780950866648,8.371381718064695,0.0,31.941730804347827,0.00930380355385151,31.93,31.950000000000003,-7.778605075711551e-06,0.020000000000003126,-0.007640398550723404,0.06097406701981008,3.4143280933398756
19,363,989.612,994.608,33.4736,35.0,30.0,5.0,34.0,0.001098092793930537,0.12131298086158855,-0.2080214539350241,0.7948525866592548,3.560891271599131,16.550654743217752,69.96268656716418,857.6,82.92647345691242,91.34549797335389,200.0,50.0,0.36426055112606526,0.0017560832133268441,0.3617553742722483,0.3672156650731266,0.24880672141993326,-1.2108459384314287,0.3614303683508102,4.506671882446428e-06,1.0734811291925044e-08,3,0.6,0.00332004202600548,0.00578322154874622,0.0017561157397423142,0.014141741890565222,5.5457049393641244e-05,7.516944167530883,0.10968877879379323,7.343678792907085,7.626706241903075,-0.5391418695436611,-1.4044914457508875,7.34360341035455,0.00013092763877397678,3.152622072890596e-07,1,0.2,0.28300700688509384,0.28300700688509384,0.10956796310087216,0.8662374958794573,0.2102127626285379,0.4819281938998869,42.35378400778603,-105.02588766798058,65.54424940075751,-0.626582826997249,-0.815151989876409,0.009013901037389027,4.663147959325508,70.62146892655367,849.6,183.5341929995607,0.216024238464643,49.635012933411986,8.136981715061824,0.0,31.936207999999997,0.008670446947364846,31.93,31.950000000000003,5.072448686371998e-06,0.020000000000003126,0.019999999999999574,-0.229273605591602,0.658782359389491
19,364,992.112,997.108,26.8484,34.0,0.0,34.0,34.0,0.0002772750488649244,0.11716405608134907,-0.2080214539350241,0.7555122465834507,3.549229549292922,16.600717160263947,65.73181419807187,912.8,92.83964670333468,110.10903686800643,204.0,75.0,0.3646998517879023,0.0018531456671935893,0.3617553742722483,0.3674874642250537,-0.27604356572486655,-1.4453325772407928,0.3663585109506683,6.474906311220868e-06,-1.579543555045217e-08,2,0.4,0.0006859448196406548,0.001133680309178875,0.0002713097727535791,0.0005574033319273677,4.301687474265038e-07,7.551690361861852,0.067761003860008,7.420867241797944,7.626706241903075,-0.49111317219664014,-1.2266347775277562,7.567453601692002,3.6116868481144935e-05,8.34423820471029e-08,1,0.2,0.05927633801507515,0.05927633801507515,0.0240295411591416,0.10805728763413129,0.005221071141580827,-2.7623200799485943,40.396736409536416,-90.39500420832996,54.41338245886816,-0.49530734884043404,-1.08689081001289,0.0019575839802200234,4.109020349256666,69.36416184971098,865.0,118.2257727119317,0.13667719388662625,44.639575962085175,2.651508315551234,0.0,31.9380765,0.009416313180288943,31.93,31.950000000000003,6.791998586893843e-06,0.020000000000003126,-0.006250000000001421,-0.6914858265398132,3.632347651639108
19,365,994.612,999.608,10.0436,34.0,0.0,34.0,33.0,-0.0009133156733982714,0.11148988792442922,-0.167933566367616,0.7806689363060242,3.875172352905499,19.988882095716814,68.6184812442818,874.4,65.82400777831748,92.8654941299512,136.0,50.0,0.36417844297899826,0.0024711568312686936,0.359806385563253,0.3674874642250537,-0.6101908578721048,-1.0910950886747735,0.3648924665669302,1.0690020633709486e-06,2.6248838003906395e-09,4,0.8,0.0014312656067588664,0.002596081016361329,0.0007806130435376983,0.0032681754515095037,5.182226323600331e-06,7.435523805864694,0.06781216507742958,7.336462825431099,7.575147499673787,0.4261271224199322,-1.001556956602756,7.561105558130353,0.0001676923159145177,-4.06392940936886e-07,0,0.0,0.0,0.0,0.0016262554929441007,0.0014524500947752123,1.3650781013454943e-05,-2.41638422408982,44.28813701115377,-96.63354698323415,66.87867740622515,-0.44874961432188726,-1.1603981897774458,9.72410414568038e-05,4.188247717488266,63.829787234042556,940.0,108.86076734373438,0.11580932696141956,47.37396169021276,5.244702160818058,0.0,31.938056,0.009478458550927086,31.93,31.950000000000003,-1.0382844405001433e-05,0.020000000000003126,3.552713678800501e-15,0.5787644577547303,4.78869401023924
19,366,997.112,1002.108,0.0,0.0,0.0,0.0,0.0,0.0003685514563669913,0.11788591773369451,-0.167933566367616,0.7806689363060242,3.702624816312478,18.198589610897336,66.96428571428571,896.0,206.39767440550293,209.42779185198893,492.0,75.0,0.3633467297605214,0.00209291160856657,0.359806385563253,0.366262134349551,-0.4434014560885566,-1.2937300853824687,0.36327017191657685,3.129390949825772e-06,-7.606643272153064e-09,3,0.6,0.0023283566238037068,0.0029943494241548296,0.0009805281965907806,0.004928691719772797,9.662691578274042e-06,7.338024853327823,0.046082457243741076,7.262263276884169,7.420695696864901,0.07465441576885508,-1.2197265912661128,7.409557650515912,9.07423760789582e-05,-2.1949322308473784e-07,0,0.0,0.0,0.0,0.0014710269337257678,0.001563729109774725,1.1313694348159591e-05,2.8319706794577497,49.57722432980699,-109.5720366371366,67.32937018067155,-0.5868296147685347,-0.934599974832115,0.001138725915974978,4.063510981388659,69.50880444856348,863.2,121.70127361700041,0.14098850048308667,56.21318307429866,9.3480356816551,0.0,31.93850956521739,0.009792350860631847,31.93,31.9636231884058,1.676354208175059e-05,0.033623188405801585,0.033623188405801585,-0.5317620910054255,2.544518734277773
19,367,999.612,1004.608,0.0,0.0,0.0,0.0,0.0,0.0029981605727892138,0.12626444339629936,-0.1542313647248071,0.8001038878242344,3.549813839989031,16.030194108429306,64.65517241379311,928.0,72.16647421067486,71.74956445860839,176.0,75.0,0.3624398096746498,0.002550035018671627,0.3573267636793029,0.366262134349551,-0.27342604040133167,-1.0919064346984577,0.3641963387107381,2.4867823370296443e-06,-6.140211782555092e-09,2,0.4,0.0015073169424718313,0.0020651531367823495,0.0005905000538450256,0.0017551595407342211,2.358793827855979e-06,7.263714950184515,0.0396189007138588,7.198073814984804,7.336310019605651,0.09959391436608599,-1.187403833887332,7.325572125654124,8.963248799724511e-05,-2.164189464355982e-07,0,0.0,0.0,0.0,0.0014401348343995926,0.0015543624815746338,1.085797405132055e-05,1.9380621924167007,50.13132963862773,-109.5720366371366,67.32937018067155,-0.5539698527305336,-1.0042875860252063,-0.0029929929759042557,4.008404878418623,62.55212677231025,959.2,68.14103022408746,0.07103943934954905,58.79160584674417,7.043993777679872,0.0,31.950055999999993,0.012093408380466693,31.93,31.97,1.5261900327633493e-05,0.03999999999999915,0.0,0.6515216866386705,2.1030456414828578
19,368,1002.112,1007.108,0.0,0.0,0.0,0.0,0.0,2.7007546617203104e-05,0.11674967528647366,-0.1542313647248071,0.8001038878242344,3.9134756414994336,19.82319520316476,66.07929515418502,908.0,74.35052118176442,93.01612763386788,164.0,50.0,0.3617594108623222,0.0018762795004403855,0.3573267636793029,0.364250207368874,-0.7324774986712076,-0.4527642169883417,0.3601227347561701,6.310214770258373e-07,-1.59679325385968e-09,2,0.4,0.0033144590919120254,0.004128009289677215,0.0014200996916829928,0.009552988529149476,2.8336018295565933e-05,7.197959224470947,0.036489966154588625,7.135375658400993,7.262169361278235,0.027157387930796785,-1.2056326120208625,7.251364939288017,7.551731940800286e-05,-1.8052517966270068e-07,0,0.0,0.0,0.0,0.0017223982055712959,0.002165915270270924,1.57780715591622e-05,-4.084895766819431,50.33205515169806,-106.7831494038845,70.23409900426535,-0.37271377800344574,-1.222881345000384,-0.0035422299479009193,3.986040975657817,66.1521499448732,907.0,62.085961913033664,0.06845199769904484,59.0086549945752,8.226511493822466,0.0,31.94569843478261,0.018666802307666232,31.91,31.97,-2.9291704812755455e-05,0.05999999999999872,-0.013913043478257947,-0.7565705936114395,0.0728547906881829
19,369,1004.612,1009.608,0.0,0.0,0.0,0.0,0.0,-0.000963339471897323,0.12428251377532164,-0.1690279247032699,0.8313614171181275,3.7944044985791505,18.080881910901965,70.75471698113208,848.0,100.91580649234291,73.59347797189639,228.0,50.0,0.3609856456081874,0.002388673966866833,0.356984837782038,0.364250207368874,-0.2783468935385214,-1.3524360811266145,0.36214581982073807,3.395240008349726e-06,-8.527480693202677e-09,1,0.2,0.002103781854887632,0.002103781854887632,0.0007104349264901385,0.002460692339060832,3.733368773519066e-06,7.134311585487821,0.0368717809512688,7.076009058026486,7.197980581393503,0.016354982480077423,-1.2388136945687303,7.187264128458654,6.097187342579125e-05,-1.4831904879389596e-07,0,0.0,0.0,0.0,0.0018232493021655748,0.002494377316497303,1.787340112783175e-05,-0.22628539691320185,52.36039211753983,-106.7831494038845,70.23409900426535,-0.45306804018303787,-1.1201123696302482,0.00488270496551504,3.8471024318690876,67.26457399103138,892.0,143.86104406683555,0.1612791973843448,61.156267351265676,13.301173623851591,0.0,31.941936,0.015193530136391653,31.91,31.950000000000003,2.396235261590014e-05,0.0400000000000027,0.0,0.7555629975758216,3.4901429901006935
19,370,1007.112,1012.108,0.0,0.0,0.0,0.0,0.0,-0.0009489901762561868,0.1293007988838105,-0.1690279247032699,0.8313614171181275,3.714925876869666,17.35324575089083,70.62146892655367,849.6,105.01809367913702,91.78235124467012,248.0,75.0,0.35947689879237804,0.0018057725542603045,0.3566456725939708,0.3622962720780023,-0.08748647514437756,-1.5474216279208584,0.3605824302773082,4.408568986006857e-06,-1.0466779428276353e-08,2,0.4,0.00128242775222831,0.001717006287391687,0.0004730233422646749,0.0015751142306602067,1.6145938333008866e-06,7.091710064136777,0.016819749342656076,7.075107142715847,7.135261177099002,1.1722712740300874,0.07476105433279123,7.125000282821352,6.419185676482382e-05,-1.5644557635483083e-07,0,0.0,0.0,0.0,0.0015464890409961124,0.001872072126404021,1.2664677196844712e-05,0.8970837412056637,51.55387096801603,-107.10957365727344,72.2579135986464,-0.49973319082134093,-1.0332885960029359,-0.020186139851500008,3.971746600323154,70.62146892655367,849.6,103.2124023555309,0.12148352442976801,64.90463886977334,6.711862785339017,0.0,31.95371827692307,0.007494617719581583,31.94353846153846,31.97,1.3677229066056848e-05,0.026461538461539647,-0.006461538461540073,-0.19264413449050594,0.0
19,371,1009.612,1014.608,0.0,0.0,0.0,0.0,0.0,-0.001221608766085404,0.12115930351544843,-0.1504826249296533,0.8220616746025017,3.907810721853205,19.707802206750337,65.21739130434783,920.0,148.35093528522157,169.41074346097417,356.0,50.0,0.3587743972520211,0.002065475771661201,0.3563991443491827,0.3622962720780023,0.37712360707774384,-1.570762708294753,0.3608694716379694,2.2716511159665976e-06,-5.479284265734279e-09,2,0.4,0.0009887867360790503,0.001425713518792504,0.0003617011370244786,0.0008832274758362891,8.101471061148733e-07,7.064935192441191,0.020321174380746338,7.020074483131655,7.08665512227303,-0.7934477858902684,-0.751690557501651,7.068158279441343,1.3693179401226496e-05,-3.657556124148792e-08,1,0.2,0.018487246903502452,0.018487246903502452,0.0068678330054547515,0.03427928175363507,0.00047087440470603483,0.637038049224552,51.528377441890484,-107.10957365727344,72.2579135986464,-0.49157420764290594,-1.0863398887809117,0.008189410620067422,3.9653596741234955,66.90454950936665,896.8,126.09202988293907,0.14060217426732724,63.090132464301426,6.6812058801237555,0.0,31.949976,0.011839333980171096,31.93,31.97,-7.754378082801797e-06,0.03999999999999915,3.552713678800501e-15,0.302296834479916,1.687158205018818
19,372,1012.112,1017.108,0.0,0.0,0.0,0.0,0.0,-0.0001312131360291479,0.11739083967176642,-0.1410075433742011,0.7900957924941393,3.9357093664885086,20.03306609151584,62.43496357960458,961.0,52.191953402799555,76.24521842931091,112.0,66.66666666666666,0.3587733295303982,0.0021131554595306776,0.3554965962662104,0.3621837911527815,0.12357595740238483,-1.5935958920362014,0.3563990872284575,2.2589964819104644e-06,5.381928034134639e-09,3,0.6,0.0038510401937510985,0.005783063724594917,0.002051374450576616,0.012098119362093682,5.029912977198521e-05,7.001144502447854,0.05498583438385476,6.914984163147123,7.076728009111831,-0.3165775161825947,-1.4668608323976127,7.06616487787108,7.955941178561879e-05,-1.951434678317452e-07,0,0.0,0.0,0.0,0.0018086648252848595,0.002471140131995103,1.758508976904134e-05,-1.0842716638936767,54.23594001726344,-126.88913014583062,69.44711559308912,-0.4947310938934764,-1.0676631040556814,-0.019925283815423987,4.123227854582357,56.76442762535478,1057.0,84.81352093465601,0.08023984951244656,62.847002841826324,5.143878634801196,0.0,31.94220972307692,0.009167820730841337,31.93,31.950000000000003,6.943969313073776e-06,0.020000000000003126,0.007076923076922981,-0.5369807497317903,5.6705359542498
19,373,1014.612,1019.608,0.0,0.0,0.0,0.0,0.0,0.0006835313758096268,0.11732739736233158,-0.1597039350815605,0.7832252740754272,3.7944025905428815,18.93647339341655,65.96306068601582,909.6,168.82179954022524,202.1682467649161,404.0,50.0,0.3587787619678992,0.0021648584951471385,0.355428641444687,0.3621837911527815,-0.09564975394647637,-1.3889430618436978,0.3603874162696525,1.6233385735493394e-06,-4.044983290706993e-09,2,0.4,0.0014068448354623841,0.0017960718898598627,0.0004957532150027664,0.0013964228121397335,1.618614402445597e-06,6.942018846503232,0.02768845648816231,6.914984163147123,7.020000956965997,1.762385837872643,1.8640648461882066,7.006197541039461,0.00012272606029112014,-2.9677020566632845e-07,0,0.0,0.0,0.0,0.0025179167527377504,0.0033559130176386773,3.396284852954976e-05,0.927657154332463,53.82937919396188,-126.88913014583062,69.94111173386372,-0.6065501379061126,-0.9362723637295063,0.014614606311889197,4.1692547087413905,62.30529595015577,963.0,230.23176728389734,0.23907763996251022,61.53949163433515,8.162270122216672,0.0,31.943848,0.008679617411027876,31.93,31.950000000000003,2.980835187752936e-06,0.020000000000003126,-0.019999999999999574,0.3236714975541708,3.657764735860056
19,374,1017.112,1022.108,0.0,0.0,0.0,0.0,0.0,0.0007414267022983711,0.12663536878834133,-0.1597039350815605,0.8126957790889104,3.7466268522846287,17.418195481739538,64.87889273356402,924.8,41.31827682757354,55.389529696504916,108.0,25.0,0.3583054369782958,0.0016586550002496544,0.3545418718512159,0.3604902993912979,-0.4940987598069298,-1.0952190492886547,0.3555224698406746,1.8399682781115465e-06,4.3792191925791736e-09,4,0.8,0.004255996986930827,0.004966560619703686,0.0016243284000324722,0.01400315127885125,5.240634714513231e-05,6.913329415332666,0.02009588924678977,6.869567760763773,6.938939097675035,-0.6071416070287919,-0.9740803017528137,6.930694725409333,3.733231141226134e-05,-9.051440523305178e-08,1,0.2,0.0028135007671163947,0.0028135007671163947,0.001480717820556317,0.0038979942783182904,1.4018158351739023e-05,2.429379725686182,52.34475409514794,-107.33440868981252,77.73200572123913,-0.5737610480292453,-0.9864021910880023,-0.012986295308020056,4.014774480030888,62.29235880398671,963.2,70.05140969316749,0.07272779245553103,64.12308861570338,9.404326316286138,0.0,31.94207009523809,0.009108840870398344,31.93,31.950000000000003,-1.4633655933137011e-05,0.020000000000003126,-0.0076190476190483025,-0.21429750242306592,2.586533929577307
19,375,1019.612,1024.608,1.9136,10.000000000000002,0.0,10.000000000000002,9.0,-0.0009553310623109095,0.12174125909112138,-0.1392757492259964,0.8126957790889104,3.779094208461815,17.802512531756022,69.83240223463687,859.2,50.23146424304193,48.45616575834287,100.0,25.0,0.35704377950772676,0.0025892497009523054,0.3528979682234885,0.3604902993912979,-0.1260963046651221,-1.5692377695445114,0.3592780102278898,4.11815457089851e-06,-1.0267014201926219e-08,2,0.4,0.0009785911936898983,0.001206218452828256,0.00035116836430241756,0.001087105495253406,8.527645050582462e-07,6.871195437052066,0.028152609021879594,6.832846426627817,6.919800563823423,0.13558092441761355,-1.373169182713799,6.909647316252362,5.1018148129351895e-05,-1.2171272516130862e-07,0,0.0,0.0,0.0,0.0019518543828370095,0.0028628685702704448,2.069563036583685e-05,-3.3887209076754807,57.4960955075803,-118.44347937393071,77.73200572123913,-0.34553381283027773,-1.2566329543781105,0.0030229025223907154,3.865880976675446,66.00660066006601,909.0,35.68379650952703,0.0392561017706568,70.57991466128787,6.86356637639893,0.0,31.940103999999998,0.009104191448797429,31.93,31.950000000000003,9.380972404118207e-07,0.020000000000003126,0.019999999999999574,0.7147661833891971,3.8258015745708605
19,376,1022.112,1027.108,4.0936,10.000000000000002,0.0,10.000000000000002,9.0,-0.0006234770833293544,0.1126606497035849,-0.1361830812365247,0.8059918782784198,3.802668529590731,19.04577780184428,75.25083612040133,797.3333333333334,131.46964161610342,139.71399357258383,380.0,60.0,0.3568915796066026,0.0022436950016528614,0.3528979682234885,0.3596617809168656,-0.47299690607113876,-1.416403191551979,0.35445390042891906,7.222446237622328e-07,1.8102488517053593e-09,4,0.8,0.003693176722652028,0.0052073110394196265,0.0019616259719444497,0.013142856453799607,5.3810218492586614e-05,6.866099704666136,0.02770072320139756,6.832846426627817,6.910564782869973,0.4524583284676442,-1.316255054683123,6.860573773370535,5.533283019758177e-05,-1.3814121459576094e-07,1,0.2,0.050036913300312236,0.050036913300312236,0.019864849711243575,0.07274571240644956,0.003033066308623252,-0.5631370256825958,53.43597347351652,-118.44347937393071,75.0071440479636,-0.4512573485023506,-1.1060961462040935,-0.005249607781287773,4.128387317177421,74.1839762611276,808.8,81.30928606254024,0.10053076911787864,63.23828918492512,8.382010612354618,0.0,31.94174033954451,0.008937259710118205,31.93,31.950000000000003,-1.8233815724445335e-07,0.020000000000003126,-0.005452035886818862,0.49509236333553863,1.066859859273734
19,377,1024.612,1029.608,3.6184,5.000000000000001,2.0,3.000000000000001,5.0,-0.0005255192755527521,0.1171713759349671,-0.1447957057344455,0.8059918782784198,3.867038610836083,19.37974562349461,69.57328385899815,862.4,173.95631635557243,190.65151454945223,424.0,75.0,0.356088763574966,0.0031231899848945155,0.3510275579125082,0.3596617809168656,-0.4330309057671419,-1.5952730984568892,0.3581771866264942,3.1904860414405574e-06,-7.96056867267201e-09,3,0.6,0.0009523431516440898,0.0014818644321840657,0.00042091923396664354,0.0015408817908218453,1.3606134495057425e-06,6.885648495620064,0.020578644207809645,6.835730339617707,6.910564782869973,-0.6331307109639538,-0.6704879401417383,6.83076658374065,6.0900842450453646e-05,1.4729109481520358e-07,1,0.2,0.07977840996653995,0.07977840996653995,0.020544857598513516,0.2743479417316004,0.017168888761719982,2.699076047929032,44.55466035810107,-91.27758898330896,59.20086580351506,-0.5743167746402664,-0.9808759803385718,-0.0008163030538021405,3.8293965418909255,68.18181818181819,880.0,75.25955088890711,0.08552221691921263,54.39720334572599,5.587257575603693,0.0,31.938007999999996,0.009071258675828421,31.93,31.950000000000003,-3.1906938820499506e-06,0.020000000000003126,0.0,0.19204711817307515,1.3914656771799656
19,378,1027.112,1032.108,2.1104,4.0,0.0,4.0,3.0,0.0009749378227074432,0.12830236702606307,-0.1447957057344455,0.8088286937082572,3.62029348203582,16.424651796646376,66.84491978609626,897.6,51.66042973108141,64.8074069840786,124.0,25.0,0.3540875114209166,0.002189519011887592,0.3510275579125082,0.3580736552997616,0.42373102127940604,-1.3815838432813428,0.35726654720843876,8.06006849072759e-06,-1.9446098149557582e-08,0,0.0,0.0,0.0,0.00013089042349813377,0.00018611101114348526,9.269101975118828e-08,6.856031319905906,0.033249132243032914,6.800736523956389,6.906602181336968,-0.050563711426875574,-1.3180168982874163,6.896728310108424,5.1830951520369506e-05,-1.2860339649913048e-07,0,0.0,0.0,0.0,0.002281866247939002,0.0044310053483656575,2.9975076978084433e-05,2.6455513196790763,50.8021045395723,-115.54767196093698,78.14965724201491,-0.6108509402322685,-0.9075648157316416,0.00485728813533396,4.33301346255971,64.54388984509467,929.6,58.213400519124455,0.06262198851024575,59.64562017856853,12.289721570390654,0.0,31.946019204561658,0.01452125200649871,31.93,31.97000000000001,2.9158496027075697e-05,0.040000000000009805,0.0005844618674331059,-0.3364725276114063,2.3010299410015875
19,379,1029.612,1034.608,0.672,3.0,0.0,3.0,3.0,0.0005562611141242189,0.12535268294576368,-0.1552578484027585,0.8088286937082572,3.6185792048763443,16.646916953608883,71.15749525616698,843.2,45.46647116282503,42.80186911806539,96.0,25.0,0.3557116665809432,0.002004184692649758,0.3521735914824386,0.3578222387679859,-0.5803245229300454,-1.3811648917110437,0.3519816533817238,2.7028605202892405e-06,6.518378904654583e-09,5,1.0,0.004577879168392229,0.005838913627970899,0.0020021922120996246,0.018647205324138168,8.959282550809726e-05,6.812803715269543,0.0182365710122258,6.7954738519239895,6.856379863770807,0.9315913873509664,-0.5699052847353303,6.846636568302611,7.07047583802119e-05,-1.6824459217887272e-07,0,0.0,0.0,0.0,0.0014272611908452987,0.0016444240772808137,1.0730665690845774e-05,-0.5979822290488297,56.23347830243694,-115.54767196093698,78.14965724201491,-0.5015725585367382,-1.1627172578974325,0.010714399132294909,3.8931249268850414,68.87052341597796,871.2,10.353743284435827,0.011884461988562703,67.10258640303395,7.091725425942554,0.0,31.945984000000003,0.014534237186827458,31.93,31.97000000000001,-2.676014768648181e-05,0.040000000000009805,-3.552713678800501e-15,-0.7639222850340122,2.2869718401890253
19,380,1032.112,1037.108,0.0,0.0,0.0,0.0,0.0,-3.0817411246625695e-05,0.12023033560511293,-0.1552578484027585,0.7804366169589443,3.608922880844643,16.622609881411115,71.7017208413002,836.8,43.57981183988751,46.04345773288535,108.0,25.0,0.3550440805767324,0.0022811714022949892,0.3519758664939926,0.3578222387679859,-0.032893128563970864,-1.80146804196345,0.35702749568405345,2.639381656125279e-06,-6.323015158809566e-09,4,0.8,0.000583693002152455,0.0007888021387499333,0.00026114773390427284,0.0008898902475668296,4.998619686504234e-07,6.787020241325695,0.01487955937127889,6.75207242867064,6.802232619272896,-0.8781158450724251,-0.5869092409237209,6.792798643040223,2.6481863712471833e-05,-6.625934272359208e-08,1,0.2,0.009431927959484554,0.009431927959484554,0.003294531204759344,0.015408407084279466,0.0001018064753084065,-0.6824430399959649,49.281698104538116,-108.17613684517866,70.90718054720413,-0.519726472856039,-1.0156379644126716,0.014663523446285779,4.168000367861248,71.29277566539923,841.6,36.507533469134835,0.043378723228534734,58.679557649448746,8.336126128142462,0.0,31.942162360655736,0.009530134764099899,31.93,31.950000000000003,2.2607955295309443e-05,0.020000000000003126,0.012786885245901658,0.3077978119842038,0.4089451759009677
19,381,1034.612,1039.608,0.0,0.0,0.0,0.0,0.0,9.667427295226125e-05,0.12245536991052991,-0.1435240285602932,0.7628286482841783,3.6933180212736856,17.007317722688168,67.26457399103138,892.0,57.1314274283428,61.220911460055866,140.0,25.0,0.3542456463050308,0.0016899054995480227,0.3519758664939926,0.3575310714496225,0.4062455428988946,-1.1228949635501881,0.35268571813318345,4.046427305323349e-07,-1.029762293130749e-09,5,1.0,0.0019971218279475457,0.004845520054711228,0.0015853004411817164,0.008256256528641254,2.6194687457364882e-05,6.753922414289022,0.024530228526949707,6.71168684969352,6.79683696422272,0.053297373073765954,-1.2395037249095493,6.787246970028976,5.5462393368351115e-05,-1.3813651122804587e-07,0,0.0,0.0,0.0,0.0017048445883263532,0.0023750974268559556,1.566707326683877e-05,-0.12244218301206711,41.05336463738922,-85.5909623603704,54.99562522817776,-0.4752538745493998,-1.151178578138678,0.006542257603124532,3.881040621488579,70.95553453169347,845.6,30.932183886689927,0.036580160698545326,49.03850971995129,4.981083829677303,0.0,31.947951999999997,0.0057729118350273514,31.93,31.950000000000003,-8.80214579336005e-06,0.020000000000003126,-0.019999999999999574,-0.4468491369751786,3.69096054066209
19,382,1037.112,1042.108,0.0,0.0,0.0,0.0,0.0,0.002119605626017132,0.12345869845002139,-0.1575198668067591,0.7800700167194823,3.7562253161031185,17.38725087007804,65.44502617801048,916.8,37.35237609577201,52.80151512977634,96.0,50.0,0.3531036232387557,0.002199784409657924,0.3499994041267619,0.3575082185791654,0.25584907626517617,-1.2608191599396759,0.35690096744589456,5.45831562425636e-06,-1.3129157796682012e-08,0,0.0,0.0,0.0,8.096543679796127e-05,7.551357376954149e-05,3.392724267069091e-08,6.709295829298694,0.026867966415625288,6.661190388228971,6.752007772988552,-0.15495524093448998,-1.2479203395008953,6.7426355434689,3.097902480835636e-05,-7.640279999128439e-08,0,0.0,0.0,0.0,0.0018829701264843092,0.0030572121161572354,1.9605791472777914e-05,-2.5481718073458395,39.262353650135275,-80.17976080388243,49.026264117479634,-0.3804652691481981,-1.257849033201606,-0.0011129297503914822,3.722529134189591,67.11409395973155,894.0,69.7806085766908,0.07805437200972125,46.037251255005636,2.7488189002081524,0.0,31.93809009230769,0.009547063393869504,31.93,31.950000000000003,-2.2320754164632348e-05,0.020000000000003126,-0.009846153846154948,0.9628012828593384,1.6690677817210684
19,383,1039.612,1044.608,0.0,0.0,0.0,0.0,0.0,-0.00073511436662052,0.11499843312572812,-0.1575198668067591,0.7800700167194823,3.7513531276185232,18.504874237551945,73.89162561576354,812.0,131.03892551452032,139.59942693292118,324.0,80.0,0.3513018556642614,0.001021938793612803,0.3499994041267619,0.353743152893357,0.9186780291433527,-0.27467360815996233,0.35272884440815405,4.553000607278936e-06,-1.0853632489549505e-08,1,0.2,0.0010176242881293485,0.0010176242881293485,0.00022799981060434496,0.0003735780490782318,2.877440170548732e-07,6.662715633964708,0.027043655019981117,6.617930250251837,6.711606476222497,0.13596686587551424,-1.128189989296599,6.701933120487493,6.337538918139406e-05,-1.553692076318906e-07,0,0.0,0.0,0.0,0.0017749584939809097,0.0026883588779684224,1.720573621790834e-05,0.1399182390434122,43.79606222250955,-99.96736729816432,59.182295551637736,-0.4993017008317528,-1.0204683574826574,0.005548448300880166,4.13770634992521,66.1521499448732,907.0,32.88363321370273,0.0362553839180846,50.85264111203999,7.178762818749013,0.0,31.940016000000004,0.009829098981879794,31.93,31.950000000000003,2.3978327026157995e-05,0.020000000000003126,0.019999999999999574,-0.013445244268814197,7.739475670890343
19,384,1042.112,1047.108,0.0,0.0,0.0,0.0,0.0,-0.0029709257882634724,0.11658551939685817,-0.1484342844745771,0.7912676205250994,3.6961537046522905,18.06288018268976,76.14213197969544,788.0,80.23964107596693,95.79979123150531,192.0,40.0,0.35277953496263015,0.0016693845019375361,0.3502049358766879,0.3552111475638838,-0.2859112038894268,-1.5134056482640137,0.3507390677022753,7.561443497049793e-07,-2.0186845999850335e-09,4,0.8,0.0029528206031122772,0.004472562639029232,0.0015858903596026543,0.010500425066212236,3.4646270396807795e-05,6.617043039229338,0.025953807243019086,6.570260032990498,6.661098662373892,-0.07770883545705777,-1.1878929684103263,6.652019928798467,3.694695559406151e-05,-8.737635551242098e-08,0,0.0,0.0,0.0,0.0014605755832310327,0.001991623970431302,1.1465538868399194e-05,2.010766965191543,47.43116922660897,-99.96736729816432,62.71566609875909,-0.6047395444989888,-0.979457895473872,-0.004207059267669462,3.8859626308189354,68.55575868372944,875.2,54.94724742878391,0.0627825039177147,55.861203575229574,6.188849586001864,0.0,31.949877907692304,0.0008801234596677638,31.94046153846154,31.950000000000003,5.761979219500402e-07,0.009538461538461718,0.009538461538458165,-0.7829846399544765,7.586373295965998
19,385,1044.612,1049.608,0.0,0.0,0.0,0.0,0.0,0.0003049983615691907,0.12223206836813118,-0.1643106439860036,0.7912676205250994,3.621614404249118,16.71469710221755,73.52941176470588,816.0,49.44491884915982,61.344926440578604,124.0,60.0,0.35183405653766686,0.002564560146555891,0.3477755874230521,0.3552111475638838,-0.2083470347858742,-1.666619830472173,0.3503712098345507,4.071781747668541e-06,9.62637490098593e-09,2,0.4,0.004563160150127976,0.004846967005974034,0.0018889579628935513,0.010210592643306067,3.8683652635135145e-05,6.570186506007152,0.028019224965758958,6.52490703591993,6.617859968343662,0.017935422181291696,-1.2627288196064919,6.608452539405499,7.2852963332843e-05,-1.8002410577630338e-07,0,0.0,0.0,0.0,0.0016682084596587857,0.0024857616201017924,1.5157644856533574e-05,-0.6336155759836256,47.470965703992704,-101.66093381875736,62.71566609875909,-0.5379362886989523,-1.0470844519259954,0.004461488958001904,3.9689509910214977,72.04610951008645,832.8,19.26655132606767,0.023134667778659548,57.79729781664664,4.225147305051037,0.0,31.949999999999996,5.137662544575574e-15,31.95,31.950000000000003,1.0680159600711288e-17,3.552713678800501e-15,3.552713678800501e-15,0.8227874713761284,1.4833022546194314
19,386,1047.112,1052.108,0.0,0.0,0.0,0.0,0.0,-0.0004303254899860148,0.1188872705856098,-0.1643106439860036,0.7659734245977217,3.676594568365214,17.325668740441774,70.09345794392523,856.0,52.99056519796708,51.02940328869229,144.0,50.0,0.3506558069479817,0.002022867257599675,0.3477755874230521,0.3538047578015906,0.17800383640146045,-1.6392309074663372,0.35326823236930555,8.110225564175289e-06,-1.9518369332889423e-08,1,0.2,0.00010944521744582492,0.00010944521744582492,4.37206005075539e-05,4.314357607761577e-05,9.939996050888006e-09,6.53402566062608,0.01537674965796875,6.512176836569376,6.570169730223519,0.823407846279962,-0.5353569988736941,6.56109613204757,4.8456498823298685e-05,-1.1284601471936956e-07,0,0.0,0.0,0.0,0.001401474253066677,0.0017535766723130362,1.044038248081917e-05,0.36069675514959637,45.33299205554911,-101.66093381875736,62.46047957514072,-0.5816108277607226,-0.9595154682324316,0.007987186280216692,4.167722249317944,71.63323782234957,837.6,34.12916641232247,0.04074637823820734,55.133061977063655,5.005149283083667,0.0,31.954172931506847,0.007547601797690121,31.95,31.97000000000001,8.42067805553724e-06,0.020000000000010232,0.01260273972602377,-0.3449475963946476,1.5397798784243406
19,387,1049.612,1054.608,0.0,0.0,0.0,0.0,0.0,-0.0006458684593601138,0.12370723171263225,-0.1582957156134922,0.78826699425564,3.7435004790772592,17.591651870217564,70.95553453169347,845.6,56.042840755978816,53.47896782848375,136.0,25.0,0.3509828995238412,0.0025219597612215513,0.3463732532538048,0.353371638093943,-0.6112920659904297,-1.3003034801835598,0.3492387746862136,3.062312026439081e-06,7.418006649334962e-09,3,0.6,0.004071261299786207,0.0041334834793204656,0.0017836377738226158,0.011327380659999223,4.1556003609506553e-05,6.509929152773615,0.013595935645530232,6.4899466999280016,6.526293861501412,-0.18408703486642805,-1.5884357950516894,6.517024109549146,1.239071471184654e-05,-3.1140942639854276e-08,1,0.2,0.009256678962112908,0.009256678962112908,0.003700392212663086,0.014264953381532122,0.00010919677428218919,0.7099413246371336,37.95224808682401,-88.96360940741651,56.9293387017036,-0.5592286433816963,-0.900487253148559,0.0044636848491622985,4.414027229866573,69.83240223463687,859.2,47.10838566539932,0.05482819560684278,46.58719776774159,7.768931658625893,0.0,31.957991999999997,0.009085375039820874,31.95,31.97000000000001,-7.953279970081638e-06,0.020000000000010232,-3.552713678800501e-15,0.462965996795858,1.1231322970565998
19,388,1052.112,1057.108,0.0,0.0,0.0,0.0,0.0,0.0013069788931930435,0.12708953546626514,-0.1582957156134922,0.78826699425564,3.666423511368599,16.67773204643904,68.87052341597796,871.2,70.1655185971001,88.61151166750288,176.0,75.0,0.3497390946354594,0.0024410665259485616,0.3463732532538048,0.3532940894526306,0.15230119406270742,-1.4917291225995248,0.35241131225629185,5.684769719332269e-06,-1.3899838011277514e-08,1,0.2,0.0008765305724439676,0.0008765305724439676,0.0002699869492859697,0.0007479506227655741,4.7677988925118723e-07,6.503174408454474,0.007893037810204067,6.4899466999280016,6.513174043370661,-0.36560744064550144,-1.3136554115584946,6.503754310426872,1.114061899541213e-05,-2.7216241475725445e-08,1,0.2,0.009428158582707624,0.009428158582707624,0.003556356091477695,0.015853141996906305,0.0001135776325649772,1.0269401459803016,43.49287145817755,-103.90056519522724,66.23423532471075,-0.5262243141901831,-0.8563697917768791,0.014868251539326279,4.495929488583104,71.29277566539923,841.6,35.16816742453322,0.04178727117934081,49.9309814580663,12.00291058214477,0.0,31.953819068493146,0.0075813381638587035,31.95,31.97,-1.46754144727995e-05,0.019999999999999574,-0.012876712328765194,0.22637133737687243,2.422252249421277
19,389,1054.612,1059.608,0.0,0.0,0.0,0.0,0.0,0.0012337574673236312,0.12677781311815445,-0.1552558968216546,0.7983524490848897,3.682831107168929,16.744655704177486,65.73181419807187,912.8,53.918456951214765,77.30459236035075,140.0,50.0,0.35012404539463604,0.0023622952116615953,0.3457972069198715,0.3530512573841634,-0.34834023429684857,-1.3289545170528483,0.3478267899693774,2.2733060100748124e-06,5.508238643608523e-09,3,0.6,0.0038138686663125587,0.005222747748469536,0.0020020560305067,0.012737051036793248,5.247723802774522e-05,6.509311575987659,0.0041944272854905745,6.498536772308926,6.515303468852404,-0.5114989609751137,-0.8232830508856583,6.490988179580742,2.8710636925087265e-05,-7.400073847457324e-08,2,0.4,0.02325008949143692,0.02434108029277926,0.004204188070246097,0.09156348693858953,0.0017670395652855922,-0.21127145692372906,51.011986605537324,-103.90056519522724,66.23423532471075,-0.4514383237526915,-1.1976884117511029,0.007717838889094605,3.7490971760243164,67.93478260869564,883.2,47.446812327067875,0.05372148134858228,59.354066153003,6.541583799519974,0.0,31.949999999999996,5.0242958677880805e-15,31.95,31.950000000000003,1.0680159600711288e-17,3.552713678800501e-15,3.552713678800501e-15,-0.2589238208289594,2.202968410623768
19,390,1057.112,1062.108,0.0,0.0,0.0,0.0,0.0,0.0017055438937451054,0.12495689002504212,-0.1523004086434786,0.7983524490848897,3.7130518088021174,17.100017769336468,66.02112676056339,908.8,43.67150100465978,59.799665550904216,108.0,75.0,0.34943807742189864,0.0027849137844357667,0.3457972069198715,0.3530512573841634,-0.12919826531891415,-1.7052658448313693,0.35239065099255557,5.124806185979819e-06,-1.2580285477053104e-08,2,0.4,0.0006439223264014526,0.0006591015071375494,0.0001749905292639982,0.0003532189855107523,1.781135297664915e-07,6.4994940892563084,0.01441860089811583,6.464341505665388,6.515303468852404,-0.893265428155816,-0.43871232347986,6.497966236876986,2.6586145556460086e-05,-6.657585136048498e-08,1,0.2,0.01733771439123899,0.01733771439123899,0.006312155372813164,0.035251217060327876,0.0004477909468814801,-3.1502919714033184,47.80162485623448,-103.60232473853884,63.604052377196,-0.3868096179537384,-1.1781702747607048,0.004450035646408795,3.986964372143831,66.66666666666667,900.0,43.45112196480086,0.04827902440533429,57.93719455298863,5.112433532316737,0.0,31.945928,0.007645522158738638,31.93,31.950000000000003,-7.700351808184888e-06,0.020000000000003126,3.552713678800501e-15,0.014165732311671793,0.6455399061032807
19,391,1059.612,1064.608,0.0,0.0,0.0,0.0,0.0,-0.0009007759908070472,0.11633842245592979,-0.1453199841168524,0.7727557684937156,3.82135513834984,18.99827139617035,74.1962077493817,808.6666666666666,141.04561909774677,163.9609709656539,388.0,80.0,0.3487089744081446,0.0020540117285951635,0.3456675144322715,0.3515474858044767,-0.25998902316356537,-1.6405347591659014,0.345545281952592,1.916399466169816e-06,4.582421135304244e-09,5,1.0,0.0035855687467373333,0.00600176796305657,0.0020526938264244666,0.015817535247673986,7.109565528402768e-05,6.463673781806969,0.02923547977387658,6.412616080524797,6.510190772572114,-0.0580764639189479,-1.2611296110560268,6.500712092809065,7.570337249507003e-05,-1.864411154293894e-07,0,0.0,0.0,0.0,0.0020752333113353604,0.0035718492018712985,2.409391428050918e-05,-1.139797450625695,46.07614907494736,-96.12045583170192,58.46953662089791,-0.4703828082344958,-1.112113581813716,-0.0004747205952200897,3.8391933453503837,66.1521499448732,907.0,53.2040098739434,0.058659327314160306,55.36992775998225,2.6509097653353457,0.0,31.951927999999995,0.013709695996997909,31.93,31.97000000000001,3.198364670952393e-05,0.040000000000009805,0.019999999999999574,-0.406781574445045,8.044057804508498
19,392,1062.112,1067.108,0.0,0.0,0.0,0.0,0.0,-0.0010889965374949683,0.12137016224089235,-0.1517908312053436,0.7727557684937156,3.7191924962031098,17.229251223694714,76.27118644067797,786.6666666666666,113.04276476920876,132.48396129343357,312.0,40.0,0.3477414540285843,0.0023636805063511203,0.343985319782941,0.3510332415429045,0.021904960426391916,-1.642565989009409,0.34976244365425857,2.886369861703608e-06,-7.17823810875829e-09,2,0.4,0.0011139730373121992,0.0012652635766638443,0.00040379562629436986,0.001171216036296107,1.0898182378744274e-06,6.413411238163247,0.02877569984660352,6.364306791055319,6.464259207392785,0.02438565439194325,-1.142798064931027,6.454892119521997,8.311089280079659e-05,-2.0501768869184446e-07,0,0.0,0.0,0.0,0.0015642840711921834,0.002141509047549176,1.3158068307764445e-05,2.0890258925164664,51.13092914294589,-120.49092661701056,69.53840948115605,-0.569954386893685,-0.9253149772789975,-0.0015007859082361258,4.235262040039317,67.02412868632707,895.2,53.09613921934437,0.059312041129741255,59.457792916202656,6.5510931588534955,0.0,31.958091999999997,0.009380406596353695,31.95,31.97000000000001,-7.1555271395258065e-06,0.020000000000010232,0.00966666666666427,0.6781373961969476,9.247057754350891
19,393,1064.612,1069.608,0.0,0.0,0.0,0.0,0.0,-3.6300934228357206e-05,0.12321969858803834,-0.1933030665089469,0.8207357278686939,3.7375891625598117,17.644743382272367,70.55503292568203,850.4,85.25725775557176,100.75713374248,196.0,50.0,0.3483854939890357,0.002692606364749062,0.343985319782941,0.3517355675843215,-0.25435194783506526,-1.671430326277383,0.3454008575123574,1.11587214532286e-06,-2.8465517045160753e-09,4,0.8,0.004350345370737113,0.006335674533779034,0.0025319741649376315,0.015514656456720375,8.024453529108522e-05,6.395417003979519,0.0394716049996434,6.353886875852552,6.516957144535832,1.4199420329611083,1.4415144369144297,6.403694170155775,6.877606343483512e-05,-1.7154456301561462e-07,0,0.0,0.0,0.0,0.027465110424396796,0.0582336577403345,0.004452569611203589,-0.47047824527351256,50.980476196605615,-120.49092661701056,69.53840948115605,-0.47605732187938726,-0.9778750131818579,-0.007553090653036673,4.2811196834751275,72.74490785645006,824.8,71.35264536091147,0.08650902686822438,61.04875274765942,6.7449757362467535,0.0,31.9518,0.013065812764230684,31.93,31.97,-1.6488673592748408e-05,0.03999999999999915,-0.01999999999999602,0.1173897470396531,2.1898749307680276
19,394,1067.112,1072.108,0.0,0.0,0.0,0.0,0.0,0.0004085656269874903,0.1180260446561391,-0.1933030665089469,0.8207357278686939,3.716617497430326,18.647234370850253,68.24385805277525,879.2,159.18291365595744,180.89776118017602,400.0,100.0,0.34868565213396835,0.0024492151743829107,0.344334559565121,0.3517355675843215,-0.31577754404930825,-1.5343991018708176,0.3496736244674769,1.764967427247594e-06,-4.426959936607353e-09,3,0.6,0.001321539368773772,0.0020613949831982392,0.0007013096927022449,0.003016081377361139,4.277465365991105e-06,6.478647166337082,0.0857221811832223,6.353886875852552,6.570045789190778,-0.386705121722912,-1.583688406730265,6.361479371778156,5.442784231365353e-05,1.2868142627677074e-07,1,0.2,0.20852736706657993,0.20852736706657993,0.08445199166036788,0.5897712939671991,0.105287623223931,0.08626255719651818,45.49484333097245,-101.118045347671,65.83483627080194,-0.4540955225910794,-1.102514830878439,0.010633410019585773,4.174269686615101,67.56756756756756,888.0,129.49131244990917,0.14582355005620404,55.983165576623456,5.130440238664484,0.0,31.94179009230769,0.014921321861242481,31.93,31.97,-2.8969923220116868e-05,0.03999999999999915,-0.01984615384615651,-0.7887977344127495,0.6762904852076872
19,395,1069.612,1074.608,0.0,0.0,0.0,0.0,0.0,0.0017553770515502706,0.12204991261291023,-0.1480368361752899,0.7520699919950857,3.5338876351213253,15.967757756871148,68.18181818181819,880.0,57.619441163551734,78.76547467006087,152.0,25.0,0.3474256905768756,0.0020794798697049105,0.344334559565121,0.3511619003093013,0.36293372812200064,-1.2390442658113623,0.3504363935278542,8.261880430310466e-06,-1.9937701063546837e-08,1,0.2,0.00047954432752023157,0.00047954432752023157,0.0001279216762968121,0.00021323226183034727,9.096799398882225e-08,6.531229226681204,0.029660065632651417,6.473621747119336,6.570045789190778,-0.3708350073921598,-1.2005804631568646,6.5086781002931575,4.343712422634164e-05,9.954845192560564e-08,1,0.2,0.06135995011622253,0.06135995011622253,0.022808161165075856,0.13740425420026287,0.006375927725508384,1.0918990630474266,45.02448057860278,-93.51485857803284,58.76889785812831,-0.5367372949252359,-1.0723353774544624,-0.003190809844372439,3.835460141315561,65.10416666666667,921.6,108.64989645646239,0.11789268278696005,51.45201691563202,5.837593121931043,0.0,31.941959999999998,0.009441291324745884,31.93,31.950000000000003,1.5577784049814487e-05,0.020000000000003126,0.0,-0.7025646671778397,3.0776515151515156
19,396,1072.112,1077.108,0.0,0.0,0.0,0.0,0.0,0.00011338675140351047,0.12189081605888395,-0.1480368361752899,0.7846628150759949,3.723436013563716,17.442214228811732,70.35647279549718,852.8,53.246596135339956,68.38128398911503,136.0,50.0,0.34731324875555564,0.0024148975329055813,0.3436578534602345,0.3509097159872062,-0.1342755634790209,-1.449795371944992,0.3441996977885737,5.191413655797475e-06,1.2359573910141877e-08,3,0.6,0.00420053313658536,0.006709571382344071,0.0023433741947644217,0.01581946878337811,7.748999812066914e-05,6.4838571002455545,0.028005849855938812,6.454618503256053,6.547913637736814,0.7319250789854883,-0.780124995491005,6.537950743359366,8.881091956791071e-05,-2.1296538649784322e-07,0,0.0,0.0,0.0,0.0012639591338768766,0.0012544344443070322,8.306108080107492e-06,-0.8303904023127552,45.09657117621933,-94.57786780536452,62.15892017280599,-0.525352454189118,-1.0696211807578009,0.005800771459297965,3.9700352622307693,72.32401157184185,829.6,51.1937496184837,0.06170895566355316,53.169700733566025,7.271185726229959,0.0,31.946000342474914,0.007587087281336329,31.93,31.950000000000003,-1.413449220239794e-05,0.020000000000003126,-2.6755852850612882e-05,0.10930115311790876,1.967538776344668
19,397,1074.612,1079.608,0.0,0.0,0.0,0.0,0.0,-0.000653547915641028,0.12313021690082261,-0.1446860677672915,0.7846628150759949,3.7055098510839297,17.06048694984244,68.80733944954129,872.0,49.558046773455466,78.81624198095213,100.0,75.0,0.3464201213639448,0.0024406735767800634,0.3430397941790984,0.3497861274106171,0.024525916136198676,-1.7335892198563942,0.3467239472049187,3.5047694582366837e-06,-8.669697087259945e-09,2,0.4,0.002781376644835659,0.00305581050533571,0.0011592582149775987,0.005016890405368542,1.176119082810289e-05,6.45013803574651,0.014420994266782993,6.41504547624399,6.473525841449491,-0.8909991325924786,-0.27621574226673484,6.4655088266334735,3.1863205914299835e-05,-7.43921154922451e-08,0,0.0,0.0,0.0,0.0011954930439157469,0.0014021070381991852,7.542415960500854e-06,-1.1392637937556622,44.642224192981175,-94.57786780536452,62.15892017280599,-0.4847824303655248,-1.1089850745057948,-0.004926432646843525,4.004497002611879,71.09004739336493,844.0,55.61774297230456,0.06589779973021867,56.31385875912554,3.314523522558259,0.0,31.942016,0.009115871523787027,31.93,31.950000000000003,-7.613076232355352e-06,0.020000000000003126,0.0,-0.45031566492661185,2.282707943823638
19,398,1077.112,1082.108,0.0,0.0,0.0,0.0,0.0,-0.0019002296734733676,0.1166926804004337,-0.1446860677672915,0.7961793578177666,3.846547380085736,19.01293122640077,71.22507122507123,842.4,129.23157508906252,106.3766891757776,316.0,50.0,0.3475529004047458,0.0023522415680663385,0.3430397941790984,0.3503716530175187,-0.7293811678224482,-0.9952840107262748,0.34424931824566646,2.7115885178383777e-06,6.679007512948625e-09,4,0.8,0.005357242052403871,0.006120176256246335,0.002132657802013304,0.01714409441084181,8.157935300276248e-05,6.413878091472116,0.03007424159455058,6.360129887119763,6.459411846769197,-0.13231550725485897,-1.215087655241864,6.449730328094951,5.7411110491449055e-05,-1.4277380473082964e-07,0,0.0,0.0,0.0,0.0024741428011201085,0.004440667406855401,3.456024450736704e-05,-1.1886415450894878,40.34663457115575,-90.06861816592726,55.54450959178685,-0.5048099065756092,-1.0292681647146233,-0.004294909063265616,4.136230630538745,71.97696737044146,833.6,125.01519907595235,0.1499702484116511,44.747631377912285,9.769952021860338,0.0,31.941893565217388,0.009031980332615387,31.93,31.950000000000003,5.455928918046993e-07,0.020000000000003126,0.009275362318838631,-0.728095537972609,0.7518961453702246
19,399,1079.612,1084.608,0.0,0.0,0.0,0.0,0.0,-0.00038245041639078963,0.11609066632696619,-0.1495216190391388,0.7961793578177666,3.8043985914790897,18.89768508449781,74.44168734491315,806.0,98.94645016371229,124.21916116284154,248.0,60.0,0.34654758746840325,0.002563940073545951,0.3425310211514417,0.3503716530175187,0.015030551037628646,-1.5084264612931464,0.3487762253302547,2.975034005855128e-06,-6.91856650576997e-09,3,0.6,0.0009557654547405944,0.0015968508821875838,0.000441912357456435,0.0013078453300294037,1.3183473525202197e-06,6.358949297163238,0.033352713402349424,6.30145301473729,6.414963129586793,-0.015570148217986027,-1.2280067384068445,6.405531079286318,6.194735290036196e-05,-1.5256034007711698e-07,0,0.0,0.0,0.0,0.0016062454000510228,0.002241750540472749,1.391156669213311e-05,1.985504479853241,36.02932978662497,-74.87662739177678,44.95046318178661,-0.6240474514358492,-0.9642407261405457,-0.0007660138652320543,3.7665793799679297,66.25441696113074,905.6,47.29482001234385,0.052224845419991,42.9917467963518,1.42664259199206,0.0,31.951959999999996,0.013619202452281336,31.93,31.97000000000001,3.161381863284261e-05,0.040000000000009805,0.01999999999999602,0.6556210888430994,8.187270383782405
19,400,1082.112,1087.108,0.0,0.0,0.0,0.0,0.0,0.0001998384488046371,0.11979031231851078,-0.1656992149604271,0.7590939272153793,3.5927049519258745,16.4594247057356,75.56675062972292,794.0,84.3136999543965,83.6564402780802,232.0,40.0,0.34479370789407193,0.0014608609785816994,0.3425310211514417,0.3494353449430529,0.5284066155119389,-0.25389328810725154,0.3490145420113542,9.766355397943292e-06,-2.3558195324347902e-08,0,0.0,0.0,0.0,2.2438903741057438e-05,8.364872505649767e-06,2.5322508676663773e-09,6.303563911014361,0.030469121913346213,6.253686004227792,6.360032034656599,0.16528242533241844,-1.1865696023537797,6.350638848847151,7.339892285191834e-05,-1.742777828472864e-07,0,0.0,0.0,0.0,0.0014018429640019513,0.0016631218868365404,1.0383427344930512e-05,1.9332195033051782,36.750620388937364,-75.82241807752847,50.85212721796919,-0.595198840037966,-1.002575752251021,-2.8325954571364715e-06,3.902580231962253,70.35647279549718,852.8,53.918456951214765,0.0632252074943888,44.71075120601176,3.532963051907659,0.0,31.95816485714286,0.015283190203596957,31.93,31.97000000000001,-1.446304852492167e-05,0.040000000000009805,-0.011071428571430175,-0.2661627497332557,5.210277834225735
19,401,1084.612,1089.608,0.0,0.0,0.0,0.0,0.0,-0.00022627754165945838,0.13021827381317122,-0.1840928888096126,0.845690127357561,3.537615883399361,15.565327754158716,76.01351351351352,789.3333333333334,48.70592024247839,48.46441993875507,128.0,40.0,0.34480648365563205,0.0017814608571407743,0.3407928163626032,0.3468986729517029,-0.8723195864853595,-0.4020322692650211,0.3432615419435332,1.2735783538698373e-06,2.8307034194717985e-09,2,0.4,0.003479983161251643,0.003636968600754964,0.0013131718124338204,0.009058937221234667,2.502960733650804e-05,6.263912557928593,0.0297032234189146,6.223878098098616,6.389388575684458,1.0406962561343431,1.998720409646693,6.292611114237009,4.440355229999469e-05,-1.076213440948408e-07,0,0.0,0.0,0.0,0.012567547200301479,0.014361915130091498,0.0008315574750244386,-2.0963226119305007,36.61697671109184,-75.82241807752847,50.85212721796919,-0.4455244260012395,-1.1866671805759907,-0.0011655671482334587,3.942537010211664,74.11067193675889,809.6,49.84776825495802,0.061570859998712965,43.946986548706114,5.0334760214250975,0.0,31.949952000000003,0.0169555226122921,31.93,31.97000000000001,-1.9943477723813997e-05,0.040000000000009805,0.0,-0.4890529380360085,1.902841576754625
19,402,1087.112,1092.108,0.0,0.0,0.0,0.0,0.0,0.001910931018077239,0.13406615241461087,-0.1840928888096126,0.845690127357561,3.4552589182810673,14.994265232771532,77.12082262210797,778.0,42.31311853314525,44.6138991795158,100.0,40.0,0.34412855368884004,0.0018358790849728652,0.3407928163626032,0.3465853410080833,-0.16543111814272377,-1.3982855000054786,0.3454094632967561,2.9808706488299122e-06,-7.2146012646835054e-09,1,0.2,0.0011702147887163172,0.0011702147887163172,0.0003834422623880928,0.0013138798730041425,1.0814993766744519e-06,6.555521230308185,0.34394147622046056,6.223878098098616,7.117801835672246,0.4619555013537076,-1.4844137723255826,6.250600582703948,6.871973128675785e-05,1.6877726127952254e-07,0,0.0,0.0,0.0,0.33850096838393273,1.5517920699582048,1.0551489896598814,-2.1921322012730275,39.728675707533824,-87.4014221245564,59.25750330826735,-0.45564044187334307,-1.0914275485425204,-0.000845628134510724,4.241793701323875,77.47933884297521,774.4,33.05752561823102,0.042687920478087574,46.79006571059303,8.685073954737192,0.0,31.94574845433255,0.013860478269021852,31.93,31.97000000000001,1.2905962884664267e-07,0.040000000000009805,0.002845433255274088,-0.026291878817054852,0.35851622086724433
19,403,1089.612,1094.608,0.8168,12.0,0.0,12.0,3.0,0.00045668110019065207,0.1241473772964164,-0.1349507646334443,0.7869607700505437,3.5775367698666587,16.33525710909711,80.21390374331551,748.0,91.5292303037669,93.82536970350823,252.0,20.0,0.3446633385339667,0.001542346341560766,0.3417892829835293,0.3470328695663364,-0.07941694133709498,-1.4111583822533564,0.3412792602644792,2.454989476389828e-06,5.9101227562977966e-09,4,0.8,0.003465016185310185,0.0057519252792821995,0.0015404742032587172,0.016913181611381292,6.911574028153184e-05,6.987815059747736,0.2025350964196087,6.3910189832704,7.127096398177478,-1.5311978543316278,1.0702877919062397,6.40641843150154,0.0007826228276675018,1.8826529290869577e-06,1,0.2,0.7201761303342531,0.7201761303342531,0.2016215515130651,2.9057801014299933,1.8934781284278523,1.4082549198409493,37.131596016368476,-87.4014221245564,59.25750330826735,-0.5915312230821482,-0.7098009316998546,-0.003907551855327467,4.6028524067713885,76.59574468085106,783.3333333333334,28.44409722010292,0.03631161347247181,44.85591807996813,10.634066676804519,0.0,31.948024,0.015604486802728747,31.93,31.97000000000001,9.897365694336395e-06,0.040000000000009805,-0.01999999999999602,0.7697966352287929,3.618159062464457
19,404,1092.112,1097.108,17.1104,48.8,0.0,48.8,43.0,-0.0017013139597071144,0.12048148692026639,-0.1423410383122454,0.7608504749834694,3.672066507650753,16.61163845786718,75.07507507507508,799.2,15.84929020492716,21.447610589527216,44.0,0.0,0.34346202816117144,0.002374663814243329,0.3390767016445143,0.3470328695663364,-0.061005164390935035,-1.2875693053907697,0.3458155408035047,2.0741496809856965e-06,-5.163068778298566e-09,2,0.4,0.0007024250190912351,0.00121408677907886,0.00036075948445922945,0.0008374703993475668,7.908916338845572e-07,7.102331906927683,0.02585751924292988,7.044894126812422,7.127885247835312,-1.086174792914957,-0.11288171879221487,7.106942046508475,4.201838969376191e-05,-1.055290761735308e-07,2,0.4,0.02052014557219506,0.020966183086011725,0.008058236521130675,0.0373751549854574,0.0006041238025081533,1.7087308909736778,27.26289460503082,-65.01877096676662,51.32532657021114,-0.5649985301832686,-0.7466302184142939,-0.003580506370154172,4.918167968639487,76.20660457239627,787.3333333333334,27.5293782470049,0.03496534070322383,35.96833391109907,8.525073409856025,0.0,31.95007955006305,0.0118634324177064,31.93,31.97,7.708492636670398e-06,0.03999999999999915,0.014658259773014493,0.682582710215651,1.1315294973211962
19,405,1094.612,1099.608,41.4956,51.000000000000014,12.0,39.000000000000014,51.0,0.0004329299603880495,0.12264562415459135,-0.1437101599878037,0.759141016534934,3.5508116719233085,15.608253547993037,71.49666348903718,839.2,63.080900437454126,44.27188724235731,144.0,25.0,0.3431452155205091,0.0020378229085409537,0.3390767016445143,0.3462084634027584,-0.25944124537067054,-1.238650729889669,0.34414768729116985,5.405811749390216e-06,-1.289128918096654e-08,2,0.4,0.001473450862877923,0.0020647117566841566,0.0005915151893212475,0.002189712107486955,2.7089262349706368e-06,7.106225266632945,0.03588064749855573,7.044894126812422,7.153744415177262,-0.3174857091492374,-1.2501128930916257,7.114283360845862,5.623352429591368e-05,-1.3587965409762707e-07,2,0.4,0.02648237326087477,0.03950382935351193,0.014603507221407975,0.057084695725554344,0.0017188529976331932,1.2016795695307447,33.41721130706974,-84.80781071466019,56.08976203114389,-0.6397878310959205,-0.5305246107817396,0.008163138972926183,4.967956232867462,77.85467128027682,770.6666666666666,91.3075389366435,0.11847864048872427,36.9026134068021,14.354814814350162,0.0,31.955776,0.00848083245269074,31.95,31.97000000000001,1.2030287379398332e-05,0.020000000000010232,0.01999999999999602,0.6756947223266502,6.358007791239643
19,406,1097.112,1102.108,42.536,51.000000000000014,0.0,51.000000000000014,51.0,0.00034019664421663053,0.1269691322410492,-0.1437101599878037,0.7934796970927684,3.70251676790688,16.598158404129133,65.33101045296168,918.4,18.0222085217101,19.8997487421324,48.0,0.0,0.34309030631893705,0.002343009067012635,0.3393562851546385,0.3462084634027584,-0.3882772123583362,-1.4946826988751443,0.34107006866028783,4.543949095052658e-06,1.0834435178941802e-08,4,0.8,0.0033770133807544678,0.005137990429627759,0.0019229105742088152,0.011667792664716544,4.570854044267035e-05,7.0963457124359355,0.04738713100853691,6.993882228993143,7.153744415177262,-0.5175359396232702,-0.9495723368681865,7.045349372867219,9.281275549324775e-05,2.2066206421689786e-07,1,0.2,0.10838154976029823,0.10838154976029823,0.03980749441467728,0.27832328654179983,0.02341063960572275,-0.929045573587186,40.207513317655675,-84.80781071466019,56.08976203114389,-0.47114566500183397,-1.135371684239267,0.00026155277798953517,3.994321781977533,73.34963325183374,818.0,144.90272599230147,0.17714269681210448,43.47042445395906,11.262357901995316,0.0,31.95784610620347,0.009151162055230571,31.943870967741937,31.97000000000001,-1.4493350580408198e-05,0.026129032258072726,-0.012898263027302903,0.7405814739406091,8.018622798872059
19,407,1099.612,1104.608,17.334,51.0,0.0,51.0,50.0,-0.0013486989529781718,0.12128806762973852,-0.1483778071673429,0.7934796970927684,3.794322567888962,17.71236933141463,68.80733944954129,872.0,56.0,50.91168824543142,144.0,25.0,0.3422204551441692,0.0017641299977117315,0.3393562851546385,0.3452983963768853,-0.15312065980587095,-1.1773300794467976,0.34417361605844576,5.944176096009268e-06,-1.4388161760194854e-08,2,0.4,0.0007892548521908072,0.0011095884369846098,0.00024351214351843963,0.00041649428033572355,3.3124241893818473e-07,7.002444032311845,0.07753538175586888,6.883623966409391,7.1383851771360325,0.20019882710511283,-1.2330153134555097,7.1245952575400615,0.0001425776754532956,-3.456944098136308e-07,0,0.0,0.0,0.0,0.002108567215267472,0.0025140487628948827,2.350363914204702e-05,-2.9065902918734983,36.826961654796825,-80.45632428874752,50.41101123893558,-0.38100126589648564,-1.2213469583658314,-0.00022349816024533513,4.0287773264923885,65.00541711809318,923.0,11.944315244779277,0.012940753244614602,41.67181044792959,5.738452414045738,0.0,31.942359999999997,0.013222655493098673,31.93,31.97000000000001,-3.325899856573573e-05,0.040000000000009805,-0.03999999999999915,-0.31641752011683544,3.801922331448111
19,408,1102.112,1107.108,0.0,0.0,0.0,0.0,0.0,0.002501963492666563,0.12733303675307636,-0.1696552224428062,0.7899039959229778,3.6417923328226642,16.19144491262795,74.13509060955519,809.3333333333334,122.07975535143683,140.10281938633497,360.0,80.0,0.3420656835288349,0.0016399971805341831,0.3388996062701784,0.3446383973580189,-0.5799767016597263,-0.8449644719049809,0.34059911648710606,2.505955694193591e-06,5.944858737116958e-09,4,0.8,0.0027723552801048185,0.004042906916356559,0.0012426340302833028,0.008624025528577751,2.2591070432537797e-05,6.909357062403327,0.0421971939975855,6.851283890299164,6.993664184459127,0.2879319400630406,-1.1764556121297434,6.982256016588089,0.00012056620329146737,-2.914447710093638e-07,0,0.0,0.0,0.0,0.00130702804048931,0.0011765151479824106,8.822123231769527e-06,-0.8886076574087961,32.77390797099827,-63.83209140907445,39.31150923723924,-0.48304444803756064,-1.205442428068685,-0.008700781905275002,3.549874905635943,72.67441860465117,825.6,80.9246563168482,0.0980192058101359,36.47143168667757,3.050684234253436,0.0,31.938167309181143,0.009621420321915973,31.93,31.95676923076924,2.209752553338009e-05,0.026769230769239982,0.0132208436724639,0.2355840373547601,1.4606720049040263
19,409,1104.612,1109.608,0.0,0.0,0.0,0.0,0.0,-0.00030193068004427274,0.12319375238000646,-0.1696552224428062,0.7899039959229778,3.752520064982699,17.821320312719998,72.25433526011561,830.4,186.04515580901318,190.14731131414928,456.0,75.0,0.3411172332714505,0.0019951985340804453,0.3372922919503928,0.3444239482243038,-0.2126702120383158,-1.2242046318037856,0.3421272482530695,4.535281206811988e-06,-1.11919357281341e-08,3,0.6,0.0011320396073384493,0.0023002759492630753,0.0006130900459259633,0.0018941380291801525,2.596723036855889e-06,6.942700618657831,0.06466207746523536,6.851283890299164,7.014903186235393,-0.24904504758938878,-1.7097715611541071,6.877405412624075,2.2546734948906605e-05,5.447647537187546e-08,1,0.2,0.13748106932409776,0.13748106932409776,0.058644139089249814,0.35003943173363605,0.0417165199607939,2.3993987062174416,37.16138887397793,-89.59520237233893,57.19473098256706,-0.5982312293080492,-0.7836414183648324,-0.0028107292416877047,4.5243990575104815,70.4225352112676,852.0,73.43023900274328,0.08618572652904141,44.058281779207725,8.600701185831086,0.0,31.946,0.01430929553036056,31.93,31.97000000000001,-6.641832090744672e-06,0.040000000000009805,0.0,-0.007039825350348274,1.8318000488480095
19,410,1107.112,1112.108,0.0,0.0,0.0,0.0,0.0,-0.0026567352999274517,0.11706477742568905,-0.1631832682302491,0.7959822253888171,3.606928993508659,17.63194276090349,70.55503292568203,850.4,90.04887561763334,81.19113252073775,224.0,50.0,0.34150071888306843,0.002185135546092504,0.3372922919503928,0.3444239482243038,-0.46797237073345976,-1.3413080247158562,0.3388129216899633,2.2471896613921266e-06,5.528432281051351e-09,4,0.8,0.00397023422928941,0.0056118196317371805,0.0020212461021514344,0.013952978823445178,5.9357350569625454e-05,6.9579984201749205,0.05078113760695672,6.8605165488376345,7.014903186235393,-0.48923426576253387,-1.2109043094483907,6.96354701179448,2.4444479689786148e-05,5.027768219120822e-08,1,0.2,0.05137564944233386,0.05137564944233386,0.02084530653899782,0.09739070734513595,0.004068743304376422,2.851133570770526,41.35638914008846,-89.59520237233893,57.19473098256706,-0.6490917888255204,-0.8883291198020409,0.0004957347438600174,4.039636486241852,66.3129973474801,904.8,48.53040284192992,0.053636607915484,49.43039535569026,4.260758885121656,0.0,31.941905723076918,0.015339346007929914,31.93,31.97000000000001,-1.559206255735847e-05,0.040000000000009805,-0.0070769230769265334,0.16033710868712264,4.2420355782019215
19,411,1109.612,1114.608,0.0,0.0,0.0,0.0,0.0,0.0020445711709810503,0.1290021345818028,-0.1590198746953569,0.7959822253888171,3.5077974229498468,15.448320778004714,67.75067750677506,885.6,57.03332359244024,69.94283380018284,132.0,25.0,0.3409240732454287,0.002242775699960647,0.3362213854476175,0.3436986274421819,-0.3956440620476237,-1.1493183897457977,0.3418836806374688,2.2040880959633025e-06,-5.309331163556651e-09,3,0.6,0.0015030096062100078,0.0017436526546797948,0.0006512362510375049,0.002617878343986773,3.4943906070658486e-06,6.861463993933017,0.06550251911180723,6.637105526129212,6.974886872552948,-0.478124912639045,0.3784991465497476,6.963130320710798,0.00013032548760917974,-3.159856207638263e-07,0,0.0,0.0,0.0,0.0013716659399046363,0.0012455984187385969,9.721557016351853e-06,-0.6917959715853512,42.19159924172778,-83.84084859614445,51.06851503508732,-0.5140286956569096,-1.1917329303912578,0.006549547198522829,3.6000869183409807,67.20430107526882,892.8,31.799371062962862,0.03561757511532579,48.006398412473686,2.098352572581468,0.0,31.945704,0.011639063578132809,31.93,31.97,2.8534341462009247e-05,0.03999999999999915,0.03999999999999915,0.23853750806097743,0.5463764315062463
19,412,1112.112,1117.108,0.0,0.0,0.0,0.0,0.0,-0.0005957227718079365,0.11636658979403217,-0.1385636506061478,0.7804447006195863,3.8200561595368625,18.745316973786046,66.84491978609626,897.6,81.41744284856901,90.04443347592343,212.0,75.0,0.3408338777335656,0.0022149631593010284,0.3362213854476175,0.3443432009381933,-0.21715516171265267,-0.9535081904436109,0.3391351790329142,3.407071760483205e-07,-8.777016109009069e-10,3,0.6,0.0035201947717389825,0.005208211853540035,0.0018184386488181007,0.009870060850536716,3.601818632591212e-05,6.579937847291843,0.3284026605695698,5.920020867105835,7.032825518075787,-0.7719783935066991,-0.836549709811123,6.844826735543266,0.00019156044504727729,-4.687151590309703e-07,1,0.2,0.18814842058979142,0.18814842058979142,0.03390630391971338,0.042620527043145034,0.006113849723052394,-4.713238281121285,54.0041577532623,-151.55846914982445,91.05116987252782,-0.6170351391758824,-0.08560159713233162,-0.007597437440678826,5.421996583370356,67.75067750677506,885.6,132.23010247292407,0.149311317155515,56.515827516137925,17.574525099830772,0.0,31.957936,0.009444556771546535,31.95,31.97,8.017269771055537e-06,0.019999999999999574,3.552713678800501e-15,-0.2098083509780227,0.9057577206788068
19,413,1114.612,1119.608,0.0,0.0,0.0,0.0,0.0,-0.0018072563509913013,0.11287618309137837,-0.1410755988135673,0.7709416157997111,3.858482438637288,19.35373949850639,62.76150627615063,956.0,67.01243665668834,67.05221845696084,120.0,33.33333333333333,0.3404825607064335,0.0020004118150896474,0.3371084261217287,0.3443432009381933,0.39552925236369596,-0.8480970945222834,0.3428844621880207,4.1971769070421115e-06,-1.0432941477609448e-08,1,0.2,0.0014495482649283242,0.0014495482649283242,0.0003844856112923365,0.0007337912278241486,8.467268791106186e-07,6.631221900014406,0.36558646472612166,5.920020867105835,7.032825518075787,-0.7311553780273415,-1.024446625852802,6.631170710260897,0.00042993389184695747,-1.0270123553641387e-06,2,0.4,0.3415768672140955,0.4018815585432183,0.144400471192875,0.8213157966240632,0.2392499593734454,1.7432326122255632,94.91498132389843,-273.69510709445,177.02172259943205,-0.8530374906151867,0.9578923632251586,0.010994087566605155,6.434520700898982,63.09148264984227,951.0,196.9466932954194,0.20709431471652934,103.66874793624513,56.796594071494496,0.0,31.958159999999996,0.009502021703165664,31.95,31.97000000000001,-1.131602644225241e-05,0.020000000000010232,0.0,-0.34741553928824004,0.32997637369164323
19,414,1117.112,1122.108,0.0,0.0,0.0,0.0,0.0,0.00047304182417257437,0.12323007522092154,-0.1572446609695804,0.7709416157997111,3.6081474581142627,16.33451802514506,67.20430107526882,892.8,40.33856715353187,51.068581339214816,100.0,25.0,0.3409032361286182,0.0018882444229384463,0.3371084261217287,0.3436658410539555,-0.4232517702399889,-1.0483578017050441,0.34024119867244773,1.921752607951226e-06,-4.2780098186354024e-09,3,0.6,0.0027419587426617173,0.0034258684938620054,0.0011666129403083679,0.006118317252403413,1.4288009917898894e-05,6.870552509154785,0.051244556378841594,6.788703351653152,7.032710659970037,0.6457565702949846,0.7243370135841802,7.017431224303984,0.00022868745102352442,-5.515881829804182e-07,0,0.0,0.0,0.0,0.001413702919520518,0.0008657321878403526,1.0144977347164396e-05,5.058361926782361,92.00733266134282,-273.69510709445,177.02172259943205,-0.9455097769500167,1.3824970593430228,-0.006578556844031616,6.55248062975138,61.664953751284685,973.0,120.68139873236471,0.12403021452452694,98.864026720486,59.12184099021699,0.0,31.950120000000002,0.011820711064311472,31.93,31.97000000000001,-7.515990730202749e-06,0.040000000000009805,0.0,-0.588696347742378,5.539347323984131
19,415,1119.612,1124.608,0.0,0.0,0.0,0.0,0.0,0.0019161625972342958,0.13165337199342445,-0.2245464719914122,0.8028552324712025,3.4453172453039076,14.897083960944624,76.66098807495742,782.6666666666666,78.655366420014,54.699177324709375,204.0,40.0,0.34018814754624555,0.002407640987488412,0.3353640630308004,0.3436658410539555,-0.2560735732322672,-1.1235466918335033,0.3417488448389194,3.5739020894107035e-06,-8.978883494587853e-09,2,0.4,0.001637861199102253,0.0019125147188079894,0.0005716160430245433,0.0018762867812348498,2.337111977263659e-06,6.7953214444760235,0.03982990201235961,6.743749024184187,6.87779205020346,0.4107265466297529,-1.0797924402757229,6.867017545769128,0.00010683149824181717,-2.5810044231587873e-07,0,0.0,0.0,0.0,0.001292529608087641,0.0011964216191115025,8.642868753207484e-06,-1.0433999891163017,49.88912472082651,-110.42712675736496,64.23610955450316,-0.5008009995292231,-1.065776975232051,0.01370149131909356,4.006754406396231,69.70260223048328,860.8,81.94632389558423,0.0951978669790709,55.65194973089234,8.24768358294179,0.0,31.948031999999994,0.009852013333170909,31.93,31.97,2.9928057554442664e-06,0.03999999999999915,-0.019999999999999574,0.8552687928373974,6.958385844474137
19,416,1122.112,1127.108,2.2276,27.0,0.0,27.0,9.0,0.001171194668659174,0.14237208146631372,-0.2245464719914122,0.8997288724733423,3.4752867122536433,15.18211959445977,80.64516129032258,744.0,45.74713105758655,52.884780419322915,116.0,20.0,0.3393962314908933,0.001890885236007131,0.3353640630308004,0.342332326976287,-0.18085549692143174,-0.770304265220513,0.33988736515914447,3.921462492712362e-06,-9.251098406515731e-09,2,0.4,0.00218551653282964,0.0024477477001282333,0.0008569913813020087,0.003016619741091323,5.489243482778204e-06,6.957000028752088,0.25500868935583476,6.743749024184187,7.447725704595784,0.8432155432493172,-0.964493730968234,6.7812550671410206,3.428393536199389e-05,-8.613948671624684e-08,0,0.0,0.0,0.0,0.24695673503366153,0.929283545398578,0.477909013344247,-3.4982004909358424,45.58628772757938,-98.62925409633844,63.38081127868363,-0.44076441535425537,-1.120583035107951,0.0008674120932638695,4.090700575726815,79.95735607675907,750.4,31.189741903388683,0.041564154988524366,56.61560113994471,5.159731318298136,0.0,31.941839999999996,0.009666265583764808,31.93,31.950000000000003,-2.3168424427785576e-05,0.020000000000003126,-0.019999999999999574,0.6055820877469306,0.6878052135635073
19,417,1124.612,1129.608,23.5,64.0,0.0,64.0,57.100000000000136,-0.0008535199107315048,0.13428824997236044,-0.1830516808333977,0.8997288724733423,3.7628573697022705,17.738803885631626,77.38607050730869,775.3333333333334,176.7514262082959,139.1402170474087,460.0,60.0,0.3402001943597938,0.0016634329050953733,0.3371096399371603,0.342332326976287,-0.45163486293469507,-1.2659955007990742,0.3367690479944092,5.86893871785548e-06,1.399581506232779e-08,4,0.8,0.00416395856399325,0.005562548756286978,0.0016643344542886273,0.0171538294861017,7.270279274541736e-05,7.390999836456496,0.3038938646492881,6.771420504706544,7.817370443844666,-0.49687470827602903,-0.7378890367887316,6.792525036794462,0.0006308624067791136,1.519006702800628e-06,0,0.0,0.0,0.0,0.3027635528943211,2.991671999178463,2.2504349595975484,-2.0498567857332164,43.28699905610738,-92.01395391411594,63.38081127868363,-0.42817700887185806,-1.082372980457464,-0.0005840768803177311,4.124441749904426,80.64516129032258,744.0,45.34313619501854,0.06094507553093889,55.70452225132538,7.112319322575067,0.0,31.929592000000003,0.008671916026723703,31.91,31.950000000000003,-1.755955299810795e-05,0.0400000000000027,-0.03999999999999915,-0.3824712188142249,3.259090783013889
19,418,1127.112,1132.108,54.1608,67.0,27.0,40.0,66.0,-0.001072143865386015,0.12112360253311101,-0.128164991811,0.7667792273318002,3.7593158062182126,17.700851004533366,75.503355704698,794.6666666666666,92.56061077297767,119.8799399399249,260.0,20.0,0.33832638202933457,0.001895456119714309,0.3353472309024231,0.3421159950040594,0.6101238828510265,-0.6278431752349434,0.33800308205335733,1.9253970286318577e-07,1.7137433857384296e-10,2,0.4,0.0022409799388318496,0.004112847284143739,0.0013916852167187785,0.0045617371117325735,1.3842721595829617e-05,7.754502254121623,0.1613790353402191,7.44793992262483,7.966814224294622,-0.7024092234666345,-0.846844545148703,7.453235875614503,0.00028652964803430134,6.897954773022156e-07,0,0.0,0.0,0.0,0.16102783176448016,1.5055114833579282,0.5834775690689497,0.5036046361730089,41.1057184673311,-96.90144127073458,62.92587935606411,-0.5103816934272257,-0.729887520667666,-0.013515339778183326,4.570007936482765,71.02272727272728,844.8,78.25087858931681,0.09262651348167236,51.73334385605264,12.868272865157119,0.0,31.926056,0.007558597388204836,31.91,31.930000000000007,5.242985755961978e-07,0.02000000000000668,0.0,-0.7305457925721318,4.480628431970715
19,419,1129.612,1134.608,65.8224,67.0,63.99999999999999,3.000000000000007,66.00000000000001,0.002036159072799237,0.12482551491129479,-0.1922494867549377,0.7446522755792132,3.3397602077246797,14.257309896343525,87.13692946058092,688.5714285714286,77.23310417788723,100.42576030746959,236.0,33.33333333333333,0.33938853617845455,0.002510868710211045,0.3353472309024231,0.342691429772986,-0.07249185577213314,-1.6202521763221085,0.33691502727750566,1.6784327717667728e-07,4.204096487611676e-10,3,0.6,0.004241862162150704,0.005776265309068496,0.0023008791189219045,0.013157029410867572,6.112826467162976e-05,7.897007482003387,0.05255348702212729,7.817594950916873,7.969410869738242,0.026510289558750757,-1.5748298337694495,7.8111256946166945,9.464665465317264e-05,2.245322018763857e-07,1,0.2,0.1582278133349302,0.1582278133349302,0.052495362646799035,0.4293732517630735,0.05064619946836172,1.4051316521247115,42.11088304230435,-96.90144127073458,62.92587935606411,-0.6422042153413289,-0.6555701404318737,-0.003385156320158687,4.472157137944063,74.1962077493817,808.6666666666666,180.3537265117266,0.22302604267732062,47.440394788503,14.243995522573403,0.0,31.921984,0.00948424365264667,31.91,31.930000000000007,-1.3298184510807754e-05,0.02000000000000668,0.0,0.3815411644498511,12.940721711199217
19,420,1132.112,1137.108,50.9176,67.0,0.0,67.0,66.0,0.00243157830646916,0.13171655268415863,-0.1922494867549377,0.8564987607705248,3.368473597871616,14.775530399592604,85.50488599348535,701.7142857142857,152.41797169375434,119.7998330549755,504.0,66.66666666666666,0.34069464428159474,0.002209752205158598,0.3371591382185894,0.3439416183032749,-0.4686635417089228,-1.2728319499636824,0.3382353529634444,4.353016379186314e-06,1.0349454675112829e-08,3,0.6,0.004779023042792319,0.005703421234985184,0.001916349861641907,0.01331303518257039,5.380113338006793e-05,8.02638483028747,0.17227453011284566,7.820791521988771,8.348772700993635,0.7040394524583768,-0.9536591400450458,7.95286266665819,6.996622734514653e-05,-1.657803907667296e-07,2,0.4,0.20617081126113312,0.3959604312319005,0.14607001525234836,0.5191016343797885,0.1606455021710687,-0.2504058972185916,38.71620553576577,-86.53619529940795,57.68325999608115,-0.6148293665517303,-0.8737402069886868,-0.012140153818578966,4.355380474036876,85.38899430740038,702.6666666666666,166.7701012372022,0.23733885375313407,43.739254016473815,9.481838205904003,0.0,31.921592000000004,0.009388936131605307,31.91,31.930000000000007,6.64059304998374e-06,0.02000000000000668,-0.019999999999999574,-0.8953805387461367,0.11589168608496436
19,421,1134.612,1139.608,17.9836,66.00000000000001,0.0,66.00000000000001,66.0,-0.0028103815788442107,0.12361206866633756,-0.1884867757283627,0.8564987607705248,3.736531793012492,18.962785516942997,71.97696737044146,833.6,224.9017563292915,187.08286933869707,528.0,50.0,0.3397009426295633,0.002374761870881031,0.3357827816711005,0.3439416183032749,0.21108268396703692,-1.3011538673888283,0.34127871185518244,3.4375859606870913e-06,-8.20263906553039e-09,2,0.4,0.0019016207462727308,0.002656325070577059,0.0007613093856279712,0.002059350877216708,3.7453996234562032e-06,8.190815004496585,0.13954783341741436,7.822469131456654,8.348772700993635,-1.3019463464440808,0.7248495796585388,7.838704521636333,0.00048281003106769667,1.1606015027743576e-06,1,0.2,0.5098990688947174,0.5098990688947174,0.1384356536604989,1.7612555414396014,0.716588402030869,0.35814150763617036,35.562638635428414,-80.9771935264904,50.66970745133414,-0.5515857280964096,-0.8549459551385166,0.0037440520886130218,4.331058344781373,77.23995880535531,776.8,155.0586985628346,0.1996121248234225,44.3708163847676,4.491426183400908,0.0,31.917912,0.009459051835526661,31.91,31.930000000000007,-1.694101564223245e-05,0.02000000000000668,-3.552713678800501e-15,-0.749425932699928,5.262991434913857
19,422,1137.112,1142.108,0.0,0.0,0.0,0.0,0.0,-0.0010573781305312174,0.12271527421752211,-0.1517835073826535,0.8115494331104445,3.719202057548685,18.366518386176597,67.56756756756756,888.0,104.2688831818966,139.01079094804115,268.0,50.0,0.3401850988437004,0.001717373754232857,0.3357827816711005,0.3424231186919332,-0.9511821136438298,0.08441379449737774,0.3375219673703262,2.6604951927280614e-06,6.102611792746664e-09,4,0.8,0.003750577670779451,0.004901175131660329,0.0014906833272326939,0.013846911740838866,4.9455542650038084e-05,8.138500913663231,0.11872734660862273,7.927012652241029,8.312280046200748,-0.21709939853695295,-1.303514868274166,8.29948320811013,0.00016795768208487558,-4.1082872847495125e-07,0,0.0,0.0,0.0,0.0012280233767764286,0.0009631222524367758,7.729313343230445e-06,1.9336340111418198,40.15519480762625,-83.00421589329103,50.66970745133414,-0.5562351124633013,-0.9806754971588791,-0.003715853764314415,3.7928987252610535,63.88415672913117,939.2,103.59150544325533,0.1102975994923928,47.370997546081774,3.1556243205550456,0.0,31.906688,0.0084804191678691,31.89,31.930000000000003,-3.5547363550270287e-06,0.0400000000000027,0.01999999999999602,-0.33218557917265734,3.6834108384363944
19,423,1139.612,1144.608,0.0,0.0,0.0,0.0,0.0,0.00030126393291414537,0.1280351303858557,-0.1377609634290918,0.8115494331104445,3.743106446172801,17.470433102265215,67.56756756756756,888.0,14.966629547095765,21.908902300206645,40.0,0.0,0.3385142758455724,0.0022824194810792506,0.3351410131083604,0.342184363689281,0.14106228122085382,-1.5871164319518534,0.34036771650756237,2.949611419622772e-06,-7.389453237092893e-09,2,0.4,0.001307724816365069,0.0018166461666758726,0.0005074937589269084,0.0013998916126086672,1.6792055381964324e-06,7.95502181330171,0.09341709337677281,7.839235994576639,8.149984689795973,0.5517075037675395,-1.0205353732869387,8.13362408997171,0.00023170119267972882,-5.592735565967053e-07,0,0.0,0.0,0.0,0.0016671792634721768,0.001312502524486856,1.4247517385515898e-05,-1.2152206841543884,44.58157362014546,-86.36939412327882,54.23664778199004,-0.438621391860591,-1.2443886892772897,0.0015669310944634246,3.561576110858994,65.55944055944056,915.2,45.46647116282503,0.04967927356077909,50.343546412941265,2.726094393580866,0.0,31.910040000000002,0.012106712073768578,31.89,31.930000000000007,1.506045891869056e-05,0.04000000000000625,0.0,0.8064116478351449,2.008127008127005
19,424,1142.112,1147.108,0.0,0.0,0.0,0.0,0.0,-0.0008689271228326344,0.12306244527494563,-0.1661133829824211,0.8052657781457835,3.699209819709267,17.2955834706859,71.15749525616698,843.2,62.826745896950605,45.033320996790806,148.0,25.0,0.33831109157781486,0.002097800295414301,0.3351410131083604,0.3427265400706779,0.21298093700778198,-1.38005236992506,0.33695056277224933,2.028392734446038e-06,-5.025439154912958e-09,2,0.4,0.0026607132438651038,0.004404509800351342,0.0017589291057912772,0.008396568333385169,2.9596988117086464e-05,7.844334788503806,0.03752074724109718,7.791681140810962,7.926764905998985,0.43466264661481796,-0.9330497074977337,7.91532772028605,0.00011006908089248637,-2.700469322355733e-07,0,0.0,0.0,0.0,0.0012447071520016826,0.0010509398837288586,7.97063117197537e-06,-2.3304267924483093,44.451176934706936,-86.36939412327882,54.23664778199004,-0.43037138190197016,-1.2316176103128993,-0.0063419916102091375,3.5910635010783998,67.72009029345372,886.0,10.066445913694333,0.011361677103492474,52.21457575824115,1.4194214755080834,0.0,31.909359999999996,0.01168798205113589,31.89,31.930000000000007,-2.7255845923725557e-05,0.04000000000000625,-0.019999999999999574,-0.835213915646322,3.4374049627132592
19,425,1144.612,1149.608,0.0,0.0,0.0,0.0,0.0,0.0014894775226414493,0.12767359797723696,-0.1849114893827498,0.8314174636147955,3.5391764621261617,16.178146929839656,79.01668129938543,759.3333333333334,88.37797614036354,99.05150175539995,256.0,40.0,0.33937321112377267,0.0021189310784135865,0.3359141480030165,0.3431666237907501,0.02596495013635903,-1.1046699818791816,0.33689313014087185,4.449218123510217e-06,1.0480251293562936e-08,3,0.6,0.0038043349961854322,0.006270800231040374,0.0019862310653894558,0.01286608846425088,5.2827585722063164e-05,7.796416986092966,0.019548934659441942,7.771585885631183,7.839150456506344,0.56441226329967,-0.8424072184576068,7.8282008730071855,7.08884393886011e-05,-1.6936670438143908e-07,0,0.0,0.0,0.0,0.0018828903439518777,0.002589968359269227,1.907613609990732e-05,0.6972747063274579,41.77651199092574,-84.62102554497136,57.726822124483,-0.5703429196806825,-1.0717064473427536,-0.0019562483836023134,3.8559842466647885,73.45739471106758,816.8,62.25110440787376,0.07621339912815103,49.99670927944976,4.756917170772111,0.0,31.902071999999997,0.009076864263611614,31.89,31.910000000000004,-4.4104425026723734e-06,0.020000000000003126,3.552713678800501e-15,0.3763315934726724,5.559286588317846
19,426,1147.112,1152.108,0.0,0.0,0.0,0.0,0.0,-0.00011579039147393609,0.12761978924306308,-0.1849114893827498,0.8314174636147955,3.565844241503888,16.276729069464803,78.05724197745013,768.6666666666666,143.94258114493664,149.9653293264813,384.0,40.0,0.33883948162362015,0.002428105353823428,0.3359000617631836,0.3431666237907501,0.4325985992464198,-1.408644764897769,0.34173248535522655,6.684800455462614e-06,-1.6337741111913967e-08,2,0.4,0.0009174906302373276,0.0014181807174170613,0.0003533277238661417,0.0006588735847234695,7.11050481085401e-07,7.787129772614798,0.008589524916948227,7.771585885631183,7.7977422725883265,-0.438226050740404,-1.143837931962277,7.781905451368331,7.577482834567601e-06,-1.904963401652682e-08,1,0.2,0.01584254401384655,0.01584254401384655,0.00604129088126676,0.035317620335910835,0.0004322213714541402,1.5407822291080369,45.44689234511313,-99.16709492550925,62.76125500544941,-0.6027802829398874,-0.9483941499357544,-0.009318037840422453,4.063776108659534,74.6268656716418,804.0,41.41497313774331,0.05151116061908372,53.34652098021239,6.951965751909732,0.0,31.902032000000002,0.00910645349977277,31.89,31.910000000000004,-4.60972327021191e-06,0.020000000000003126,-3.552713678800501e-15,0.27251302636439556,3.4303763058083376
19,427,1149.612,1154.608,0.0,0.0,0.0,0.0,0.0,-0.001987787204602657,0.12181386748895119,-0.1664073201112383,0.772497204135208,3.5763095468872645,16.256923529386352,75.98784194528875,789.6,23.082460874005612,33.2264954516723,56.0,0.0,0.33948351978052177,0.002350873592925941,0.3346862553553031,0.3421440891770395,-0.6691436195011196,-1.100948702488051,0.3370899936825259,2.1344774614401687e-06,5.2749056239521675e-09,4,0.8,0.003585380639194835,0.0050541956865269855,0.0019327706580192553,0.013290258275165128,5.3992938054366986e-05,7.783980144220942,0.011786406666086525,7.760329148463327,7.7977422725883265,-0.4735325049994476,-1.1233287153912923,7.77980673959498,4.823635017210362e-05,-1.222644018410436e-07,1,0.2,0.017878165127250156,0.017878165127250156,0.0071924812722260565,0.038209988052664595,0.0005507613065645129,0.599845875323407,45.722479024010525,-99.16709492550925,62.76125500544941,-0.5692617525899806,-0.9907634984631057,0.004070795663127837,4.050648643551667,73.89162561576354,812.0,41.376321731154405,0.05095606124526405,53.83366606512453,6.765990178784257,0.0,31.902,0.009125249716147105,31.89,31.910000000000004,-4.199754367834293e-06,0.020000000000003126,3.552713678800501e-15,0.02248894617250321,2.0962163295252054
19,428,1152.112,1157.108,0.0,0.0,0.0,0.0,0.0,-0.0011343518883025962,0.1250687245569217,-0.1664073201112383,0.811086767583022,3.6378262405019646,16.808544072991168,79.57559681697613,754.0,41.318276827573534,47.32863826479693,124.0,20.0,0.3384439487501623,0.002341990556190183,0.3346862553553031,0.3416597071791469,0.02221028726721846,-1.4934495383476014,0.340774718004024,3.3976948940958083e-06,-8.435411909550275e-09,1,0.2,0.0008840019650093178,0.0008840019650093178,0.00028874855805516205,0.0007755776500954692,5.371176762316976e-07,7.758051526367686,0.01794450049994944,7.728665788531931,7.786838159636241,-0.0758053606560091,-1.3795921694783286,7.776407911555693,2.5980961370088926e-05,-6.487280271473906e-08,0,0.0,0.0,0.0,0.0025318852577712794,0.005344419018606267,3.778351523570963e-05,1.3784730231546558,40.22142854011985,-81.52964020118264,54.103076140272265,-0.5895919439818668,-0.9782299658624289,0.0038143395744228755,3.853637548686436,76.76560900716478,781.6,18.88915032498815,0.024167285472093333,50.227643320628566,3.710957612652238,0.0,31.892952,0.014052565197402953,31.87,31.910000000000004,-2.8202995329924646e-05,0.0400000000000027,-0.020000000000003126,0.5644623498042303,2.8099878098113464
19,429,1154.612,1159.608,0.0,0.0,0.0,0.0,0.0,-0.0005067315215740667,0.12258111759700557,-0.1405662981203457,0.811086767583022,3.6346267461819863,16.900208955454584,76.85738684884714,780.6666666666666,66.71331701142334,86.6625640054574,184.0,20.0,0.3364466435324957,0.001124438397294839,0.3348038357221902,0.3394871560842825,1.2638637629967464,0.7553135717084665,0.334482297076047,1.6682311017257523e-06,3.893298175827877e-09,3,0.6,0.0029804007616766235,0.005004091841883329,0.001124259485505368,0.009818700854663633,2.5608026120993873e-05,7.727215513052842,0.017918855313739986,7.694160518001572,7.760284117516135,-0.03437448792787874,-0.9271646929323634,7.749749218110947,7.017185673287291e-05,-1.7454276029757814e-07,0,0.0,0.0,0.0,0.0022225536797742867,0.003793735917199825,2.75889319455303e-05,-0.4725324481678745,40.60565061856773,-84.7751034984049,54.28648118396665,-0.567716002405739,-0.9549844453520788,0.004926812027891466,4.024778779616924,77.08119218910586,778.4,25.706030420895406,0.03302419118820068,51.027087999596375,3.615740837352553,0.0,31.88692,0.009087474336652855,31.87,31.910000000000004,1.2736827351868613e-06,0.0400000000000027,-0.019999999999999574,0.2780703756950226,0.22380534025872123
19,430,1157.112,1162.108,0.0,0.0,0.0,0.0,0.0,0.0005887044142874452,0.12387343069455868,-0.1470064766921233,0.7731375694454077,3.5859938447118567,16.04352126272006,72.81553398058253,824.0,34.31617694324355,52.42899960899502,88.0,40.0,0.3356456775392873,0.0005310015793463124,0.3342638231283777,0.3383923633207567,1.2819213191679137,8.229153913162527,0.33819934976171606,5.993790830019009e-06,-1.4709297584111148e-08,0,0.0,0.0,0.0,7.410253536377201e-06,1.7752028377244766e-06,2.752449610946585e-10,7.69829186943913,0.016122697946357598,7.672973261700934,7.728607073590189,0.29514543076389477,-1.1806896303043448,7.718426153597832,4.719346956786738e-05,-1.1731975392568693e-07,0,0.0,0.0,0.0,0.0021555971389816374,0.0041141829379140234,2.6632875891251467e-05,-1.0894145679424685,28.87634852111668,-84.7751034984049,54.28648118396665,-0.8823340616712252,1.2204573363195719,0.0057214351296205794,7.980986127235561,57.636887608069166,1041.0,535.9340755478544,0.5148262012947689,30.308415721117647,27.61664482630546,0.0,31.89,1.2755336696431718e-15,31.89,31.890000000000008,3.869271822893478e-17,7.105427357601002e-15,0.0,0.5798194694901826,15.178646372513363
19,431,1159.612,1164.608,0.0,0.0,0.0,0.0,0.0,0.0008442947067255119,0.12520320560466724,-0.1535293738786497,0.7815854825047761,3.663114643578685,16.60279508476766,72.81553398058253,824.0,95.96666087761938,88.25417837133831,268.0,40.0,0.33721332148898503,0.0021614975120377135,0.3342638231283777,0.3410819469212791,0.5045274472665555,-1.3365600105766338,0.33527335348319437,1.87426659731637e-06,4.5685282858220635e-09,3,0.6,0.0034004923727388725,0.005807153135371557,0.0020819827412845364,0.010041500453969548,4.186395893577303e-05,7.671529595490088,0.0151707276984827,7.644079635154005,7.694114288447028,-0.3277586339432929,-1.15206388335092,7.684443682583129,4.157047696959546e-05,-1.0357341825588834e-07,0,0.0,0.0,0.0,0.0024224851807211167,0.0061865172181982606,3.7020674872664434e-05,1.0285024010949169,19.284156482798757,-78.3328814166736,50.68429757777167,-0.951777068804746,5.194997524735504,0.007395224408587462,13.47901326845756,90.9090909090909,660.0,0.0,0.0,37.83643283267528,18.169624570050466,0.0,31.897,0.009373963187337428,31.89,31.910000000000004,2.182158708582986e-05,0.020000000000003126,0.019999999999999574,-0.8837663070151168,18.093556928508377
19,432,1162.112,1167.108,0.0,0.0,0.0,0.0,0.0,-0.0005836973239926067,0.12591421871394384,-0.1801889657147935,0.8213705863477216,3.7310936153231307,17.545728601149214,69.57328385899815,862.4,79.47829892492668,91.6515138991168,184.0,75.0,0.33792442769385045,0.002147542829810285,0.3347999437272503,0.3410819469212791,-0.12746979016594043,-1.6177310830648686,0.33447554026917276,5.858975547815116e-06,1.3862373496347917e-08,4,0.8,0.004470699443151385,0.006605163833639627,0.0021473170420754925,0.017240519954311265,8.251053085452183e-05,7.651728941719151,0.009935075126882785,7.640440505587347,7.672938632238124,0.8299409299175335,-0.6969506145247335,7.662749143114383,1.4859759605649881e-05,-3.641195897702348e-08,0,0.0,0.0,0.0,0.0026615373463268876,0.005967546759693458,4.256142093354468e-05,1.206541408983374,32.71442733297056,-79.93285575018152,52.41572445928269,-0.6795950958361121,-0.24585084011168457,0.0059868848088619215,5.1730270945036265,76.04562737642586,789.0,103.14391240721221,0.1307273921510928,42.08407417201071,10.911428423149813,0.0,31.902008000000002,0.009470734820036575,31.89,31.910000000000007,-5.741397594481317e-06,0.02000000000000668,-3.552713678800501e-15,-0.09839421677074033,6.472343517427703
19,433,1164.612,1169.608,0.0,0.0,0.0,0.0,0.0,0.0009049783422047278,0.12575653068831258,-0.1801889657147935,0.8213705863477216,3.7052395105668707,17.397711921494835,64.76683937823834,926.4,50.32693116016513,73.56629663099808,108.0,75.0,0.33757413167581535,0.001756934307933727,0.3349813731654629,0.340594663861016,-0.11676386860980763,-1.4384911647284861,0.3394359251231567,5.175551158541628e-06,-1.2321971916603391e-08,1,0.2,0.0004951409619005087,0.0004951409619005087,0.00020800975030384127,0.0004235412427973637,2.5264483152750117e-07,7.64620278358213,0.003387275501748772,7.640440505587347,7.651722911795937,0.10303041480073016,-1.0720870144819945,7.635261239130959,9.485632809151347e-06,-2.361846964441785e-08,2,0.4,0.013189640837961925,0.016467040688339374,0.003393178065036252,0.05466563747795811,0.0006561092071603723,-0.030123430548404575,43.61137295910162,-92.8330667457388,56.872557620186704,-0.49691218493734757,-1.1008853559342981,0.01296872879281466,3.890833872220806,69.70260223048328,860.8,69.42045807973324,0.08064644293649308,48.976801563327705,6.704695095647894,0.0,31.902055999999995,0.00945477705098297,31.89,31.910000000000007,3.887526328030049e-06,0.02000000000000668,3.552713678800501e-15,-0.2774459630303836,4.935762852244935
19,434,1167.112,1172.108,0.0,0.0,0.0,0.0,0.0,0.0009635663634132208,0.11752497685977936,-0.1447611196165772,0.7691560400246524,3.7759887140439132,18.08779337730026,65.96306068601582,909.6,58.28207271537278,78.61297602813418,144.0,50.0,0.33736067842331513,0.0022924805705157635,0.3325667019811114,0.3409133867512057,-0.40008139656437486,-0.7811344712033139,0.33555578274690817,2.8655181164271917e-06,6.7315219927114595e-09,4,0.8,0.0032488220982207355,0.005355905474202893,0.0017708613771714459,0.010767379664153344,3.885945187556443e-05,7.646726913089349,0.0038304653384439837,7.634815497527482,7.651722911795937,-0.9018600748241612,0.6860968115074262,7.641674447873326,3.13159057517643e-05,-7.83156649307185e-08,3,0.6,0.007450624016611525,0.009976145319204655,0.003096803031207496,0.02688439526126927,0.00019267418754099314,-2.1847312084402994,49.26657608705122,-99.00735042222112,63.23746856794656,-0.4427831193773702,-1.2313270349332361,0.0021890306272342487,3.71821228029342,65.50218340611353,916.0,48.33218389437829,0.05276439289779289,56.34168985579543,5.048035820101712,0.0,31.900992,0.01080594772793624,31.87,31.910000000000004,-3.0510099526326262e-06,0.0400000000000027,-0.019999999999999574,0.39944804549257135,0.46087727990229155
19,435,1169.612,1174.608,0.0,0.0,0.0,0.0,0.0,0.0002795336869817387,0.11814680483680344,-0.1519919899457485,0.7589088454821459,3.740155413228665,17.648630135619214,71.63323782234957,837.6,61.42312268193469,54.037024344425184,144.0,50.0,0.33668776026881225,0.002203131171363508,0.3325667019811114,0.3409133867512057,0.18641579337880906,-0.6993027554067783,0.33968393718423356,6.427161634083597e-06,-1.546328251283542e-08,1,0.2,0.0012138179521275494,0.0012138179521275494,0.0003122634312147644,0.0005222119975271741,5.420719966111904e-07,7.631978771036404,0.015937775505233863,7.598676520794141,7.650533576814692,-0.44124783428672304,-1.1557717143184647,7.637540807231577,1.803561769960312e-05,-4.525853663528524e-08,1,0.2,0.012966827469485409,0.012966827469485409,0.005162637901407777,0.021095967744671464,0.0002223340548482742,-2.976580241484321,49.99859179478192,-102.80399718283913,66.8419033673881,-0.42905792731778947,-1.180039439512122,-0.002566320648098559,3.872445024847022,67.1892497200448,893.0,49.24767337990023,0.05514857041422198,61.76915282975108,3.968872610457658,0.0,31.894223999999998,0.013991464461672567,31.87,31.910000000000004,6.81533876201379e-07,0.0400000000000027,0.0,-0.05348639057544475,4.443988102304772
19,436,1172.112,1177.108,0.0,0.0,0.0,0.0,0.0,0.0001407635486569177,0.1245214455063641,-0.1519919899457485,0.774201325073528,3.6549004536806455,16.47425678557111,76.0777683854607,788.6666666666666,117.96722708730026,93.26092429308216,344.0,40.0,0.3367213427817452,0.0022134878887559886,0.3332572625915277,0.341544017243135,0.3525196857604757,-0.6930085241712556,0.3343580979246737,3.418868624987583e-06,8.054942141830548e-09,3,0.6,0.005191300592015224,0.007183557106623384,0.002091473217287293,0.012280037103474296,5.2016083068448175e-05,7.598638919521164,0.0218510052158003,7.562904324282117,7.634765630714673,0.014221552121317363,-1.358302658536189,7.624473592693345,6.766500797264022e-05,-1.6904652883608462e-07,0,0.0,0.0,0.0,0.0022769233621540356,0.004156814607186708,2.9390685850691657e-05,-0.02314347223905097,48.39122652942896,-102.80399718283913,66.8419033673881,-0.547812062255354,-1.068294692289616,-0.00913675295102461,3.994426085016411,72.60406582768636,826.4,53.85907537267976,0.0651731308962727,58.35661922103853,5.297538904272318,0.0,31.8992,0.014283056241990229,31.87,31.910000000000004,2.8496484157769018e-05,0.0400000000000027,0.019999999999999574,0.2351470999411292,3.4737025577743452
19,437,1174.612,1179.608,0.0,0.0,0.0,0.0,0.0,-0.00016531988186780744,0.12205359985258975,-0.1497073796852535,0.774201325073528,3.688570565299077,16.83432834498037,73.34963325183374,818.0,139.8913864396232,148.8731003237321,380.0,80.0,0.3363635709241412,0.002099960051686707,0.3332572625915277,0.341544017243135,0.7887696715417967,0.12276750722362006,0.3358728182367302,2.818209345304284e-07,-7.349776127006805e-10,3,0.6,0.0028206877227439087,0.0056707948232265215,0.0015709531961783493,0.0053824305913718964,1.8130980261378543e-05,7.561541684873063,0.020551775657315266,7.526363398426905,7.598605291920858,-0.041239535965920844,-1.1721116600671728,7.5883640889440995,4.764689305495352e-05,-1.112003852463686e-07,0,0.0,0.0,0.0,0.0019095997755809412,0.0028322618138294066,1.9845566424231155e-05,0.4147847349480715,47.407602728566246,-95.54446170192168,56.66941894282345,-0.5946927893332465,-1.0438609836670902,-0.014674219469894941,3.652130365497163,72.18479307025986,831.2,54.4352826758528,0.0654899935946256,55.53819347538475,1.0419727850631575,0.0,31.902880000000003,0.009020707314580472,31.89,31.910000000000004,-1.4413607944687433e-05,0.020000000000003126,-0.020000000000003126,0.19383152751916272,1.1648401815738794
19,438,1177.112,1182.108,0.0,0.0,0.0,0.0,0.0,0.0022799950177014986,0.11734846297758497,-0.1497073796852535,0.7309418860429846,3.7001939970706843,17.25870153501023,74.07407407407408,810.0,82.19975669063747,95.43165093405857,248.0,60.0,0.33597154580565464,0.002035655734947287,0.3321250669264375,0.3394527579061973,-0.2763210818191239,-0.8265935490663248,0.3342527155482572,2.9195074416586104e-06,7.169054224501696e-09,3,0.6,0.003743374077898783,0.005197970670195451,0.0016173167178394998,0.010018166590018415,3.3142972677389833e-05,7.524881820763505,0.022055002233434876,7.487271101837784,7.562856137766387,0.004331332928000984,-1.1850078338366656,7.552435995386553,4.340195766955079e-05,-1.0821631817669133e-07,0,0.0,0.0,0.0,0.0023091030913496616,0.004051121326501334,2.9954249110227412e-05,-1.2717006884997737,46.539614177260866,-102.64391782226284,61.90917011351961,-0.5263604987398508,-1.0564148665761972,-0.015939581942798185,4.042444660131112,69.04487917146145,869.0,67.75445864787547,0.07796830684450572,55.65298842386653,4.324981141743701,0.0,31.893959999999996,0.007528970857154931,31.89,31.910000000000004,-9.723838543221213e-06,0.020000000000003126,-3.552713678800501e-15,0.3170309920148925,5.02919490261263
19,439,1179.612,1184.608,0.0,0.0,0.0,0.0,0.0,-0.0011718472983766762,0.110537157596569,-0.1271338135853048,0.7309418860429846,3.715303598279517,18.132475504207086,71.90795781399808,834.4,168.8454915003655,156.62694531912445,440.0,100.0,0.33565825799870425,0.0023368509510748284,0.3321250669264375,0.3394527579061973,0.14226462313218366,-1.5159429075469866,0.3366697492486998,2.7721309521677305e-06,-6.518136884050358e-09,2,0.4,0.0021465101708955103,0.0027794600285507287,0.0008752567372643155,0.003195842897319301,5.876108446534172e-06,7.493667956908818,0.014700802167538439,7.47849845677325,7.526303509563326,0.7668762295703723,-0.772789508026499,7.5160086322637625,7.713965973363427e-05,-1.900444351684438e-07,0,0.0,0.0,0.0,0.0020466447519175463,0.0033193915738883653,2.3157542120823332e-05,2.737818513153038,48.15171702245019,-106.27242252998288,64.96388627556604,-0.6015059723280102,-0.8788869537430855,0.0006724458587919806,4.067558504595588,71.56488549618321,838.4,40.3583944180142,0.04813739792224976,59.687266029449916,6.324631841162203,0.0,31.883679999999995,0.014119741275070619,31.85,31.890000000000008,-2.5500995520621725e-05,0.04000000000000625,-0.03999999999999915,0.42697368249838213,0.34307231781487246
19,440,1182.112,1187.108,0.0,0.0,0.0,0.0,0.0,-0.0014407076885671903,0.11209620998122258,-0.136425970522256,0.7344919230300323,3.6143410753587903,17.498438137128176,68.43065693430657,876.8,92.10428871664989,91.93475947648963,228.0,50.0,0.33641567328802174,0.0020066375161658747,0.3326848197794216,0.3390265199051623,-0.34478542340018636,-1.4850139518802048,0.33282260701549377,3.5501580556305486e-06,8.531577230276525e-09,4,0.8,0.0047291823630768726,0.006201756236756839,0.002002162302833118,0.01797010964282763,8.461956618308873e-05,7.476069077985938,0.00876040351896355,7.451272537256395,7.487213958661892,-1.3190880888221526,0.5879187930609113,7.478290139433732,2.2239418809678383e-05,-5.3478315632859504e-08,2,0.4,0.00421938799865984,0.00469879731949252,0.0020785195964195388,0.010003187309486175,4.1667635133890914e-05,3.6203230026386706,49.932632893191034,-106.27242252998288,64.96388627556604,-0.6256588641997899,-0.955800791350748,-0.0035193851763545662,3.860509736634853,66.48936170212767,902.4,63.59874212592573,0.070477329483517,58.87566652030654,6.3512587286989435,0.0,31.875712,0.01588993320618153,31.85,31.890000000000008,-1.894419644428735e-05,0.04000000000000625,-0.03999999999999915,0.22069433332019722,1.941295232178902
19,441,1184.612,1189.608,0.0,0.0,0.0,0.0,0.0,0.0005815974718292672,0.1194229949879183,-0.136425970522256,0.7431704896953655,3.686877606701053,17.106371156394538,65.84723441615452,911.2,43.57981183988751,54.772255750516614,92.0,50.0,0.33555904090989164,0.00217100952394364,0.3326781239352339,0.3390265199051623,0.265899056078162,-1.4736235839342637,0.33781344842266753,4.276041349037844e-06,-1.0415284803568388e-08,2,0.4,0.0009776049143163656,0.0012033773956912075,0.0003552478476331287,0.0009178914874472317,7.995165591091393e-07,7.449488468223618,0.024817000251211693,7.401017785581641,7.48295631477368,-0.34731542516607605,-1.087323243204511,7.472770758421978,3.155362356083797e-05,-7.797236469353468e-08,0,0.0,0.0,0.0,0.0030798940618338086,0.0077430033656681885,5.944424701602198e-05,-1.4663238252661188,47.520360639697486,-103.65902488599176,57.20856854675072,-0.4712279212424625,-1.1681562228703184,0.00787934048773376,3.8319314486039673,66.60746003552399,900.8,33.63331681532465,0.03733716342731422,54.478587468549456,2.683317515236551,0.0,31.873072000000004,0.014357926821984187,31.85,31.890000000000008,-2.58093221176819e-06,0.04000000000000625,0.019999999999999574,0.8193444480710458,0.7602256193694643
19,442,1187.112,1192.108,0.0,0.0,0.0,0.0,0.0,-0.0007145399187618354,0.11849628952812424,-0.1628355708126885,0.7597774215043179,3.754622173648043,17.629020439999284,70.35647279549718,852.8,65.26254668644184,62.0,160.0,75.0,0.33627964899339674,0.0031731012317689792,0.3326781239352339,0.3448674708786624,1.1765044779781226,0.7643770347722083,0.332405897838859,1.9241999452082382e-06,4.647280326598143e-09,4,0.8,0.005566121099071966,0.01246012625001941,0.0031719924661107357,0.019347473042991115,0.00012529717491691132,7.4030247443671975,0.029133264123366663,7.354645118341487,7.451215610786638,0.08016318967003039,-1.2767285451971915,7.44064477781756,7.321606145200121e-05,-1.7756081088408551e-07,0,0.0,0.0,0.0,0.0022252091406802445,0.0038627870591927834,2.775430298953515e-05,-3.1793259006978247,48.33447345285839,-100.69769385260172,61.29015110214103,-0.41544687806260705,-1.1983923153090983,-0.002274218735699987,3.816103350638547,66.51884700665188,902.0,34.17601498127012,0.037889151863935835,56.46778244419014,2.9247762599075338,0.0,31.869832000000002,0.011752189163499223,31.85,31.890000000000008,-3.472253102203735e-06,0.04000000000000625,0.0,-0.8267888032684868,3.837625788845301
19,443,1189.612,1194.608,0.0,0.0,0.0,0.0,0.0,0.0020070069481912907,0.12365955643822024,-0.1628355708126885,0.8090816785512612,3.7879804236684165,17.938711464266778,73.52941176470588,816.0,122.42875479232809,96.43235971394665,352.0,80.0,0.3370753733695107,0.0032213940056656635,0.3323189525985155,0.3448674708786624,0.47632514269536563,0.03298814807250361,0.33415548123588085,5.594953564009757e-06,1.3213954188471392e-08,3,0.6,0.006067714272684969,0.010709364602494553,0.0027997064459477582,0.01623365664623478,9.187335377048229e-05,7.3562927063702865,0.024637682084721488,7.315888806232909,7.40094880305205,0.15602616081562048,-1.1975541853576848,7.3905694770607955,8.220244067531975e-05,-2.025813727783323e-07,0,0.0,0.0,0.0,0.001995741797920849,0.003116950855145484,2.1867466188853453e-05,-1.6590738875356414,47.76580106067893,-101.62189236489984,61.29015110214103,-0.5368034125043961,-1.0798224600250097,-0.008110859931043775,3.8819599535219513,74.6268656716418,804.0,104.57533169921098,0.1300688205214067,52.877208114774334,7.547212029255737,0.0,31.86604,0.007543141112522196,31.85,31.870000000000005,-1.4757385444741061e-06,0.020000000000003126,0.0,0.40293021766223475,1.097453906935911
19,444,1192.112,1197.108,0.0,0.0,0.0,0.0,0.0,-0.0017204353202530612,0.12012146153303571,-0.1493771903110951,0.8090816785512612,3.982789626286213,20.32372394444213,69.31608133086876,865.6,167.5374584980923,172.12785945337262,392.0,50.0,0.3354929943784367,0.00236708011333604,0.3323189525985155,0.3426917747310821,0.21086006019135303,-0.8222866045113966,0.34261907892546695,1.4081211777504444e-05,-3.393410169711369e-08,0,0.0,0.0,0.0,8.968800825499799e-07,6.34189988282241e-08,4.02196941237429e-12,7.320548078109609,0.01652406550933205,7.299971604428887,7.354564626183638,0.4081703542794423,-1.134181502127936,7.3447530070278635,7.540029012285833e-05,-1.853904525056649e-07,0,0.0,0.0,0.0,0.00170945175659943,0.002450117678326045,1.5818946627300567e-05,2.5764759834221898,47.93003349695218,-106.65778080379135,64.28895479662694,-0.6402689548617948,-0.8739269931643867,-0.005211380328325596,4.052551159598594,69.38020351526364,864.8,83.6373122475848,0.09671289575345145,57.35982547361541,5.419433632612502,0.0,31.862112,0.009058797409875616,31.85,31.870000000000005,7.713387337038746e-07,0.020000000000003126,0.0,0.22611426280279925,0.06412218439488981
19,445,1194.612,1199.608,0.0,0.0,0.0,0.0,0.0,-0.002918174960294908,0.11927174796658516,-0.140360337660043,0.7908377255878426,3.9189369966623144,19.709586664489517,71.49666348903718,839.2,97.13495766200755,142.53420642077467,260.0,50.0,0.3353431415825896,0.0018313070322283082,0.3327113288971435,0.3379307393237173,-0.10440004237841821,-1.6278136395739289,0.3328116138346956,3.10891745099005e-06,7.465384010020758e-09,5,1.0,0.0032025570297115726,0.005116945109212179,0.001822220605118831,0.012685385847264755,4.877545819466132e-05,7.3218721589264835,0.01731665639856875,7.299971604428887,7.345941884152238,0.17876522677401227,-1.6286777197422175,7.306987827385713,1.914315040112699e-05,-4.817886911998655e-08,1,0.2,0.038970196421379555,0.038970196421379555,0.015799081340081383,0.08120372385478707,0.0025685593507333124,3.0953229057179485,47.10793480714597,-106.65778080379135,64.28895479662694,-0.6300726961160084,-0.8990091328902143,-0.0017272826179783223,4.116207337936245,65.55944055944056,915.2,51.72233560078276,0.05651478977358256,56.98255719430836,5.410918140672263,0.0,31.862016000000004,0.009104148808204262,31.849999999999994,31.870000000000005,1.2090846778161005e-05,0.020000000000010232,0.0,-0.3633600224543435,5.937222929596615
19,446,1197.112,1202.108,1.042,5.0,0.0,5.0,4.0,0.0009365268605536558,0.12619330345540217,-0.1540762879508423,0.7698190970696037,3.745215849549255,17.072163372895663,70.4225352112676,852.0,28.142494558940577,21.633307652783937,68.0,0.0,0.33416087960650737,0.0019911756900466986,0.3307388376372805,0.3379307393237173,0.2939173315619668,-0.9940350634171291,0.33613736086621054,3.3737345883260875e-06,-8.174566999097193e-09,1,0.2,0.0017890777535082836,0.0017890777535082836,0.00045974661689960727,0.001000053939094583,1.256719806802055e-06,7.334040634755636,0.010869824971867528,7.313690742765607,7.367937024169903,0.10668591197043167,-0.48746887427557173,7.305554336259294,2.7813254256457373e-05,6.020329054247565e-08,1,0.2,0.040380458344318804,0.040380458344318804,0.010862538560358377,0.1422903031405418,0.004646847751014135,0.16412737261085095,44.61013170524436,-90.39401064250742,56.83935834660301,-0.5118322638955025,-1.2080391634347285,0.009161217064156242,3.6991154085606412,68.30601092896175,878.4,41.337634184844205,0.04706014820678985,53.33738173797002,2.528658145641522,0.0,31.863152000000003,0.008965033405484381,31.849999999999994,31.870000000000005,6.302969793911085e-06,0.020000000000010232,0.019999999999999574,0.280206575896669,2.1165242823058463
19,447,1199.612,1204.608,2.6508,5.000000000000001,0.0,5.000000000000001,4.999999999999999,0.0011383657029668513,0.1226349323694692,-0.1540762879508423,0.7439959901746649,3.691992957354227,16.93246755280253,70.09345794392523,856.0,46.647615158762406,40.0,112.0,25.0,0.3350455968885808,0.00223673904274496,0.3307388376372805,0.3377766634384411,-0.5310896498561326,-1.3048807773721762,0.33242318720657366,5.800738036011739e-07,1.3473683746381407e-09,4,0.8,0.0040471694813387915,0.00535307604689278,0.0020048552534685585,0.013839189225354192,5.843087835288168e-05,7.438219833529799,0.13098440676778628,7.317316544788301,7.698445292052401,0.7489269252049449,-1.0000391113798575,7.331594356953545,1.0095515167626458e-05,-2.5227256036313335e-08,0,0.0,0.0,0.0,0.1288490415941377,0.5446481275237914,0.14243571359297377,-0.022254936716932208,43.91511619894456,-86.46197404533186,55.00583297319212,-0.49338640448781834,-1.2091458875111312,0.013889516807130036,3.6142341385579777,70.88846880907373,846.4,32.323366161339074,0.038189232232205904,52.259011374508816,2.0367105734607778,0.0,31.85884,0.009423801565580328,31.849999999999994,31.870000000000008,-8.245017756794932e-06,0.020000000000013785,-0.019999999999999574,0.7105115712970271,0.7950108651484982
19,448,1202.112,1207.108,1.6088,5.000000000000001,0.0,5.000000000000001,4.999999999999999,0.0003553520942707216,0.11975774793155994,-0.1460167112545919,0.7625383268634098,3.679925209126818,17.163926623623748,70.2247191011236,854.4,50.95880689341147,57.201398584300364,132.0,50.0,0.3351330415642736,0.0021954600551029532,0.3316322774445338,0.3377766634384411,-0.5397168223243715,-1.4810549378982723,0.3361685833956377,4.6337702957354473e-07,-1.1722916401596034e-09,4,0.8,0.000897336905219967,0.001607721755998881,0.00046114395958341724,0.001928334143430016,1.8068417514122657e-06,7.627265913407196,0.11038979926983372,7.368348979973083,7.719323871748236,-1.0481731851450145,-0.3790239025070594,7.370980906206116,0.00028790727197901023,6.918182727260249e-07,1,0.2,0.3481358571636344,0.3481358571636344,0.11009633930251535,1.2808145495673509,0.3889774768077317,-0.7569669737371428,41.73163183232576,-86.46197404533186,51.62631730408012,-0.5212859044881534,-1.120581992022462,0.0054263335477052,3.767224622934888,69.89748369058714,858.4,56.822530742655246,0.06619586526404386,47.162690212949336,5.213174462136499,0.0,31.842536,0.01558821012193473,31.81,31.870000000000008,-4.064235049108606e-05,0.06000000000000938,-0.060000000000002274,-0.6144162324129702,0.3272354105364599
19,449,1204.612,1209.608,0.0,0.0,0.0,0.0,0.0,-0.0006213918129210729,0.12055915863641642,-0.1782880027451682,0.7841084827954587,3.6192603655790694,16.7629789097708,74.7011952191235,803.2,25.20317440323738,40.74309757492672,64.0,25.0,0.333197075800668,0.0014905506259884314,0.3311215319143328,0.3362943027240158,0.723467263882359,-0.5516264884878885,0.3355704015179205,5.6127721228950734e-06,-1.3459237258561902e-08,1,0.2,0.0007126688607785314,0.0007126688607785314,0.00019003530328166464,0.0003316213082088365,2.0258480343981766e-07,7.6736477639202265,0.04030621713923844,7.595759042647494,7.719323871748236,-0.48303643883179953,-1.2205850807988348,7.68746968619964,4.6713584836314505e-06,-2.0324450997557626e-09,1,0.2,0.031850911970558116,0.031850911970558116,0.012506428409759062,0.05309389619857045,0.0013456964350055446,-0.31022740297686086,40.142602831791564,-85.87382320496414,52.03791253463206,-0.515436653087732,-1.0778685567966622,0.01201700243618756,3.931633231510937,71.22507122507123,842.4,67.08800190794179,0.07963912857068113,47.03866196060255,5.139103009074466,0.0,31.830919999999995,0.01239257122478606,31.809999999999995,31.850000000000005,4.012024327713432e-06,0.040000000000009805,-0.020000000000003126,-0.04636463938829697,3.476123994052273
19,450,1207.112,1212.108,0.0,0.0,0.0,0.0,0.0,-0.00017824956624064683,0.1217881823352645,-0.1782880027451682,0.7841084827954587,3.6183836526925024,16.718067375554728,72.32401157184185,829.6,42.57698909035255,58.54912467321779,116.0,50.0,0.3335983914634383,0.0018412753535884947,0.3294711537490869,0.3368195333064499,-0.28214618647027206,-0.53387409717328,0.33309727621243507,1.227946845943299e-06,-3.0144578299039064e-09,4,0.8,0.0021117944854705945,0.0037232079309274524,0.0011610262193233435,0.005217983603512593,1.2182101211639933e-05,7.599923992787418,0.044840780556055296,7.532010694394956,7.685992939225977,0.2588949894177662,-1.1521299105150513,7.673624876885259,0.0001071830678091161,-2.5899686012650005e-07,0,0.0,0.0,0.0,0.0018107587170971809,0.0020231730587714214,1.7219401045534884e-05,1.1985727959652455,43.36309325868378,-96.1328121683796,61.34820693279901,-0.5545920276539058,-0.996677056572226,0.007738923047874327,4.150793053481522,77.12082262210797,778.0,117.7590760833321,0.1513612803127662,48.45808880129926,12.603426099053122,0.0,31.835255999999994,0.012927775560615432,31.809999999999995,31.850000000000005,1.4861393191317872e-05,0.040000000000009805,0.019999999999999574,-0.1988231805525448,4.796811050266115
19,451,1209.612,1214.608,0.0,0.0,0.0,0.0,0.0,0.001903173597976374,0.13554324739593648,-0.2010516339269064,0.8863754387385021,3.572881191955741,15.685179041697005,77.25321888412017,776.6666666666666,66.28021323643028,48.46441993875507,168.0,40.0,0.3328191787957657,0.0022171355282232987,0.3294711537490869,0.3368195333064499,0.25846243033494065,-1.265296237088365,0.3349284216008663,3.880614011290723e-06,-9.22177208811255e-09,2,0.4,0.001338351019440992,0.0018895900277345334,0.0005118094030436875,0.0011479648268933802,1.5728610299165237e-06,7.54033426486717,0.027727658341953024,7.502231233249621,7.595647900853751,0.26611811134376817,-1.136206397784034,7.584504955638293,9.121875893294902e-05,-2.2571918267821813e-07,0,0.0,0.0,0.0,0.001696232876097577,0.0020476409593092534,1.5237109128206336e-05,-0.19163918958673604,45.742605218314516,-96.1328121683796,61.34820693279901,-0.5176640761843537,-1.0354387760113122,0.00919449720693861,3.9758746905301097,73.67387033398822,814.4,66.78922068717377,0.08201033974358272,56.76334261544515,5.067640328766715,0.0,31.834031999999993,0.007554481004877221,31.82999999999999,31.850000000000005,-6.136876887590981e-06,0.020000000000013785,0.0,0.7520993053073314,3.5793485501319537
19,452,1212.112,1217.108,0.0,0.0,0.0,0.0,0.0,0.0012541477768524608,0.139621717096707,-0.2010516339269064,0.8863754387385021,3.5283451541385915,15.449952889352584,81.30081300813008,738.0,13.564659966250536,22.271057451320086,36.0,0.0,0.3334268772805348,0.0021750697101429513,0.3295321206577901,0.3363229489932616,-0.2177589370123378,-1.5343756133313704,0.329229538992747,3.0351397321498013e-06,7.280697863242465e-09,4,0.8,0.005254611538372589,0.0070912351045481214,0.00217246891376297,0.020974691173531346,0.00011166747093225653,7.654809272672515,0.1492480261701574,7.502231233249621,7.882880517890169,0.36042571425437464,-1.6104235248018255,7.5245593476945345,9.65369430461166e-06,2.384126713062307e-08,0,0.0,0.0,0.0,0.14436981734947946,0.6757828252096291,0.19566415224652928,-3.1185137360371424,47.20008342179292,-96.73301666834656,71.82325688008694,-0.38040017799746784,-1.0314351974432079,-0.001817278066824222,4.199600397580373,80.64516129032258,744.0,25.45584412271571,0.034214844250961975,63.36636644347971,6.317031349775138,0.0,31.831127999999993,0.0042797844523125754,31.829999999999995,31.850000000000005,5.092979899520636e-06,0.020000000000010232,0.020000000000003126,0.8710003666104994,0.6556517178075012
19,453,1214.612,1219.608,0.0,0.0,0.0,0.0,0.0,-0.0016192066212682569,0.12727135648295756,-0.1462717545461818,0.8366489313661886,3.693937157796708,17.29515041389182,84.26966292134831,712.0,122.16709868045487,132.80963820446166,336.0,20.0,0.33548365427955723,0.0005319326359570178,0.3338020133529166,0.3363229489932616,-1.4756901326085798,2.5735013676653864,0.3339356245505292,1.5500275555102002e-06,3.47292953262581e-09,4,0.8,0.0018798348045039465,0.0023886649642764213,0.0005216287129796589,0.007752096808011029,1.3390006593931012e-05,7.816923643546036,0.07078765944014376,7.588934498881486,7.884375574666796,-1.496929364119723,1.608916508315831,7.587956142024653,0.0003199202115402802,7.673819482017664e-07,1,0.2,0.2962312592780183,0.2962312592780183,0.07051030335301087,1.1444435601375185,0.2869692113478832,-0.6406321257892181,43.856287021032955,-96.73301666834656,71.82325688008694,-0.4497396254461101,-0.8103617722634109,0.005611036391552775,4.573732513284218,81.74386920980926,734.0,13.0843417870369,0.017826078728933107,58.85393904539198,10.678162578433673,0.0,31.84112799999999,0.009788695345119775,31.829999999999995,31.85000000000001,2.367859179434004e-05,0.020000000000013785,0.020000000000003126,0.46645273960102024,2.525793711539052
19,454,1217.112,1222.108,0.0,0.0,0.0,0.0,0.0,-0.0007531747876127025,0.12112488716606702,-0.1287871754476209,0.7843920948169867,3.7258282120209283,17.33657143207562,72.25433526011561,830.4,45.307835966861184,33.58571124749333,112.0,0.0,0.3356807008504193,0.00016921898868052027,0.3349248277881268,0.3361215438494457,-0.9458349981238587,6.205542106825028,0.3345090319357604,1.3839107572382733e-06,3.4347678834060822e-09,4,0.8,0.0012840466241457738,0.0016113840798417378,0.0001683820333775937,0.005854723447505435,7.005689363674771e-06,7.784953719812815,0.06673186564058013,7.677592891408891,7.884375574666796,0.027272126197496825,-1.343743920541154,7.868717678905965,0.0001014289494992385,-2.477370194849096e-07,1,0.2,0.015413403120421165,0.015413403120421165,0.00439563491128193,0.008690843849389502,0.00011173396927322044,1.7216011154507447,25.823241666396292,-79.30702180642955,59.99258041831684,-0.5356142625557273,1.2828558789802704,-0.00833071483712596,8.569599877983642,78.94736842105263,760.0,52.15361924162119,0.06862318321265946,41.976259312018236,22.818254317340543,0.0,31.848912,0.004138128699480734,31.829999999999995,31.85000000000001,-4.916677706675427e-06,0.020000000000013785,-0.020000000000003126,-0.5819927402495854,6.69303316093702
19,455,1219.612,1224.608,0.0,0.0,0.0,0.0,0.0,-6.348048582510354e-05,0.11827014678315789,-0.1472847893021178,0.7506339063493288,3.6673011547417085,16.91652323979945,71.22507122507123,842.4,41.14365078599613,35.66510900025401,88.0,25.0,0.33406057874868145,0.0021834004356291992,0.329827467885615,0.3361215438494457,-0.736529305877248,-1.1780294587729108,0.33525293566560094,1.7576381903207061e-06,4.398396170141689e-09,1,0.2,0.000867961689159924,0.000867961689159924,0.0002633859387118338,0.0013844289266110525,7.303818674824303e-07,7.683458104110611,0.05004365907741849,7.608767416928805,7.783048900559976,0.2966086722950241,-1.1100265474488786,7.770678272201217,0.00012242100907599,-2.9651947314368205e-07,0,0.0,0.0,0.0,0.00149114067150547,0.001389134945066706,1.1508019718682598e-05,-0.24806697107329068,14.419683656205043,-68.19120080824818,46.03495303621104,-1.3846794143944356,8.876390560160951,0.001686362852240017,18.98943165457886,56.657223796033996,1059.0,586.7094681356352,0.5540221606568794,14.697049398008721,19.83964808766656,0.0,31.838912,0.009768661691715355,31.82999999999999,31.850000000000005,-2.3694289724350976e-05,0.020000000000013785,-0.020000000000003126,0.8000624228099571,14.567847429037236
19,456,1222.112,1227.108,0.0,0.0,0.0,0.0,0.0,0.0007773313541454985,0.12265393466077593,-0.1472847893021178,0.7715066805447262,3.7201859259668737,16.995853120788613,69.44444444444444,864.0,82.89752710425083,60.89334939055332,200.0,50.0,0.3324910231930106,0.002182625925492421,0.3286550408250624,0.337088688006276,0.27070272461571426,-0.9253366539147185,0.3352680569040242,6.196115498750713e-06,-1.5031935764575555e-08,1,0.2,0.0018245936845679434,0.0018245936845679434,0.00034790225301159754,0.000559104544068958,6.674878698227851e-07,7.607549244108964,0.03848802826629209,7.540559590325602,7.677484252451666,0.03670640183349313,-1.116752566629472,7.665912700820711,7.688115690616677e-05,-1.8812285901552862e-07,0,0.0,0.0,0.0,0.0018165492712815434,0.00222068203168298,1.7492615431051886e-05,0.8384203583002043,34.129430693128896,-91.26457685585844,59.60235510289683,-0.7394919032308139,0.26072996547467975,0.004413303257589362,6.216978499259623,84.93771234428087,706.4,144.59875518136386,0.20469812454892958,38.80746501408096,22.358909760965144,0.0,31.816919999999996,0.015544864276621245,31.79,31.830000000000005,-3.711061319076895e-05,0.04000000000000625,-0.019999999999999574,0.185112017216428,15.493267899836425
19,457,1224.612,1229.608,0.0,0.0,0.0,0.0,0.0,-0.0003282077672129322,0.11864817274638996,-0.1356890094752549,0.7988969106278134,3.9750450282097565,19.880868410794704,63.224446786090624,949.0,38.97007398846795,62.567297102133686,92.0,66.66666666666666,0.33326030997748124,0.002469524607927835,0.3286550408250624,0.337088688006276,-0.29814463520748197,-1.3216399715238851,0.3312773843547112,1.5676748669645316e-06,3.6910981640087917e-09,3,0.6,0.00513306247120443,0.00581445673396358,0.0019838613326419413,0.011713844648589029,4.711512951402372e-05,7.54552669894702,0.03285491509812974,7.505695868178023,7.608661856134711,0.3214155231688034,-1.2970195312074155,7.597465720772021,7.068903341624759e-05,-1.7288853349285666e-07,0,0.0,0.0,0.0,0.0017032786014542576,0.0020199152174520878,1.532806078487581e-05,-1.835842473010961,44.98625525816866,-91.2939568228977,59.60235510289683,-0.47534088370844146,-1.0992770799178102,-0.00920548516439295,3.846431812057122,73.17073170731707,820.0,152.0526224699857,0.18543002740242157,49.392446690498595,11.940856202999612,0.0,31.810031999999996,0.012172683130138553,31.79,31.83,1.4264431529243602e-05,0.03999999999999915,0.0,-0.11648009694605688,9.94628492122645
19,458,1227.112,1232.108,0.0,0.0,0.0,0.0,0.0,-0.0013810931170660527,0.11927766215118403,-0.1645145369527668,0.8132467035930107,3.932003484882939,19.892165360094978,67.44604316546763,889.6,133.8835314741884,161.26996000495566,312.0,50.0,0.3322128734861158,0.0026387307677556635,0.3291253229623508,0.3361859334063018,0.23920226521052887,-1.5620900049869926,0.33405614820706697,1.699326745191939e-06,-4.270036398459707e-09,2,0.4,0.002012837935677636,0.002128861862831899,0.0007541367055451429,0.0024488268409517955,4.04179151507277e-06,7.505060238167607,0.01658108665420791,7.470147848401121,7.540462555991204,-0.1258249621121914,-0.3204700923614263,7.530297908835726,4.062870960080522e-05,-9.740462746952798e-08,0,0.0,0.0,0.0,0.0016670001621709198,0.002190907529171673,1.4861033643138379e-05,0.8598336843705816,44.891562196621955,-91.2939568228977,54.10686031365681,-0.5578661489341901,-1.0423450638498721,0.011798900059336441,3.6869621355635274,61.72839506172839,972.0,25.508168626278653,0.02624297183773524,51.24875100872056,3.746880087112809,0.0,31.83010399999999,0.01728254848829523,31.809999999999995,31.85000000000001,3.606646020256343e-05,0.04000000000001336,0.0,0.4065164984368169,5.717648103739236
19,459,1229.612,1234.608,0.0,0.0,0.0,0.0,0.0,0.0005026714062454147,0.12574387278757648,-0.1645145369527668,0.8132467035930107,3.5905814038410435,16.373650793798262,67.8119349005425,884.8,61.60519458617105,76.94153624668537,160.0,25.0,0.33223336021928573,0.0021721513780839363,0.3291253229623508,0.3349305418512154,-0.32140119013808954,-1.5199538411200226,0.32959790237007003,7.712521244059355e-07,1.835074399002626e-09,3,0.6,0.004627070626895768,0.005332122651564908,0.0020521268551474347,0.013614452662486067,5.812351386702592e-05,7.488834038232194,0.012037720841486715,7.468943022769205,7.510729682046866,0.13598064618266126,-0.7083004578864958,7.49976273935863,4.6621617337094164e-05,-1.1616376382656702e-07,1,0.2,0.010853771357844266,0.010853771357844266,0.003364142205195374,0.007310405596320497,6.729245310886448e-05,2.4663950110363437,44.451462473025096,-91.33231897120474,54.00903445349336,-0.6159987290997807,-0.9866166736978359,-0.005091206700966298,3.6973537447605977,63.9386189258312,938.4,61.553228997348306,0.06559380754193127,50.501213752585045,3.233354344184499,0.0,31.837056,0.015092635127496134,31.809999999999995,31.85000000000001,-8.957404772720588e-06,0.04000000000001336,0.020000000000003126,-0.6829082149279825,3.8733159747112964
19,460,1232.112,1237.108,0.0,0.0,0.0,0.0,0.0,0.0008970040603812476,0.12320176916365846,-0.1603672027661692,0.7924408975267261,3.635627308996537,16.806195890166,68.43065693430657,876.8,69.82263243390355,67.49814812274482,176.0,50.0,0.33157712258351235,0.0025523620973984962,0.3278993786964743,0.3349305418512154,0.02266031267119056,-1.669986187946376,0.33241582194202746,6.056931123598028e-07,1.188873827785819e-09,2,0.4,0.0023483706772258195,0.0025157463771330324,0.000986766050171806,0.004090880841349299,8.213693543437452e-06,7.473382189384673,0.01712547573974891,7.431940263488936,7.49343391514259,-0.788794726885599,-0.39499559952317886,7.462805693715434,1.297630417856927e-05,3.21960624859201e-08,1,0.2,0.030628732856468055,0.030628732856468055,0.011235221832018201,0.07121319353033016,0.0016453275317224066,-0.8163010126230209,44.88035383807495,-92.68332768937654,53.8129237357631,-0.49701254248666427,-1.1550595531979815,0.012638472427088172,3.697521047356302,70.82152974504248,847.2,52.41373865695901,0.0618670191890451,51.011829536113986,2.6618967269335605,0.0,31.836047999999998,0.01375801763454474,31.809999999999995,31.85000000000001,2.045465885100654e-05,0.04000000000001336,0.0400000000000027,0.6444367370894156,2.390872810735914
19,461,1234.612,1239.608,0.0,0.0,0.0,0.0,0.0,-0.0008459315104791792,0.11622774686021035,-0.1687630361270577,0.7924408975267261,3.8801855964269096,19.61326233345043,65.90509666080844,910.4,92.37315627388728,97.28309205612247,228.0,75.0,0.3304748214772233,0.0015787527508580933,0.3278993786964743,0.3330542391917763,0.04427368965853254,-1.2394771697400135,0.3303728102102615,3.3411971564995658e-06,-8.116841330005469e-09,2,0.4,0.002091648790179479,0.0026839911380671655,0.0009466414377277775,0.0036657264485676078,7.166550280425649e-06,7.432251758576801,0.03488678262092806,7.37356855063046,7.487073413338049,-0.044907590836400425,-1.284028633379718,7.47615287037463,7.179406464597374e-05,-1.7892145764745468e-07,0,0.0,0.0,0.0,0.0023621737129576503,0.004135831906797859,3.1333604332503e-05,-2.3122626795513437,44.713051890170135,-92.68332768937654,52.99834145206857,-0.4638106601995119,-1.1751510805169494,-0.0058035560119641455,3.7097682870194517,68.57142857142857,875.0,93.65895579174476,0.10703880661913687,50.11182116260967,2.802248378984333,0.0,31.841895999999995,0.009103562502321395,31.829999999999995,31.85000000000001,-3.835875734964901e-06,0.020000000000013785,0.0,-0.7225568192194307,2.66633191062013
19,462,1237.112,1242.108,0.0,0.0,0.0,0.0,0.0,-0.0015923995586161386,0.11932113645979975,-0.1687630361270577,0.8302458466650487,3.8854193771358165,19.498908722733734,69.38020351526364,864.8,78.91260989220925,98.56977224281286,196.0,50.0,0.3312237600182887,0.0019007103939412103,0.3270586225796561,0.3340844422506444,-0.5791144211549993,-0.7045457496907095,0.32851829001278293,4.2902311966594415e-06,1.0252119599353899e-08,3,0.6,0.004485238385487996,0.005563119247484927,0.0017245289268582016,0.014017799690166623,5.4162128826707413e-05,7.378652578759476,0.02753879399101331,7.334435403966492,7.431864152858491,0.3191084541607311,-1.0180632493933013,7.420885952156226,6.388702641256409e-05,-1.5706334990739204e-07,0,0.0,0.0,0.0,0.0020496172992267104,0.003006994809697373,2.282232962689413e-05,0.5484929895247446,42.36708291230165,-89.87396613410286,53.37197649218018,-0.5474435378980175,-1.0282427962518512,0.01040900464036346,3.8569145758178744,63.09148264984227,951.0,40.44749683231337,0.04253154241042415,48.531037214762776,3.868606053157433,0.0,31.832856,0.013889156015502103,31.809999999999995,31.850000000000005,-2.7143891932077567e-05,0.040000000000009805,-0.02000000000000668,0.35495021247906416,6.288720865421375
19,463,1239.612,1244.608,0.0,0.0,0.0,0.0,0.0,0.0010340282184905596,0.12844998598121754,-0.1646530619015391,0.8302458466650487,3.6705474567401937,16.90078696739356,66.54835847382431,901.6,68.50401448090469,75.17978451685,176.0,75.0,0.3306987986283432,0.0022112502699527586,0.3270398199241722,0.3340844422506444,-0.1020535201208942,-1.398668099436719,0.33033235403067773,4.959610860710842e-07,1.2274213091418799e-09,2,0.4,0.003472006157625912,0.003752626281513405,0.0012983939636860065,0.006017686848573418,1.5676958826879056e-05,7.332864801859425,0.025990454604055323,7.284064682817222,7.373494577438038,-0.19219483666512785,-1.185884360441011,7.363695589956337,5.293297383057442e-05,-1.2837888858498145e-07,0,0.0,0.0,0.0,0.0017993352346429303,0.0030171252599984284,1.8019055058981556e-05,3.2644927621537483,42.699019433742244,-88.70888872503532,59.167062399076414,-0.6548922923289042,-0.9424462178598563,-7.103348631309835e-05,3.904637787877766,67.87330316742081,884.0,43.81780460041329,0.04956765226291096,50.51166851215569,5.459475639419515,0.0,31.823887999999993,0.010474798252997132,31.809999999999995,31.85,-1.0822499086375511e-05,0.04000000000000625,-0.04000000000000625,-0.013228337125369867,1.3249446935965068
19,464,1242.112,1247.108,0.0,0.0,0.0,0.0,0.0,0.0010176076664012868,0.1240137368451973,-0.1646530619015391,0.7822740440195275,3.6756973311195913,17.01267329210627,64.59948320413437,928.8,46.59613717895508,73.91887445030531,116.0,50.0,0.33074002410705416,0.0023596325181732703,0.3260899376342641,0.3344186811329104,-0.3141971350897125,-1.1776005562279832,0.3270127428027034,5.045926152891627e-06,1.2033684465710266e-08,4,0.8,0.005333254021459191,0.007402313759985679,0.0023070241225373374,0.0187809840276223,9.713644319214965e-05,7.286059275710326,0.027616309312150783,7.247360413756094,7.334356590527824,0.12615788502555225,-1.337863297779494,7.3241178361276384,4.851100756274142e-05,-1.2139190909831521e-07,0,0.0,0.0,0.0,0.0017775010427218824,0.002537684255886649,1.7093484008060204e-05,-1.7805004794539345,46.126622489511945,-90.11338149046448,59.167062399076414,-0.47240983769173045,-1.2421251439441763,0.005751271772712376,3.6444736624732035,66.84491978609626,897.6,60.63662259723904,0.06755416956020392,51.046793372435054,4.302071633720659,0.0,31.820943999999994,0.009456374853564166,31.809999999999995,31.83,-1.6117811275390964e-05,0.020000000000003126,-0.019999999999999574,-0.04008782671189355,2.245436581961883
19,465,1244.612,1249.608,0.0,0.0,0.0,0.0,0.0,-0.0006447710349967342,0.11206017373402107,-0.1696785166674323,0.7598566050648039,3.8362964581776597,19.516134366606714,67.44604316546763,889.6,76.1892380851784,79.92496481075234,200.0,50.0,0.3300781405570245,0.0024950511048673443,0.3260552666508858,0.3344186811329104,-0.08915669327597192,-1.276167070038015,0.33179139936830543,3.866126267728457e-06,-9.451574787499322e-09,2,0.4,0.0015869818759141618,0.0026243868468469045,0.0007117496264595696,0.00151742829468301,2.9920744017659824e-06,7.286146152544001,0.03134239776201507,7.247360413756094,7.334344827396632,0.3945950768895518,-1.3846752100157136,7.2744669890912945,2.3400307264642813e-05,-5.783137428817042e-08,1,0.2,0.05989675587653487,0.05989675587653487,0.024309089223811378,0.09621956228671914,0.004809070402108085,-2.8210041328559377,46.30928461355029,-92.6378243679876,56.56495331775284,-0.43188367687810936,-1.23017946006119,0.0013492777344380083,3.6432875690508273,64.1711229946524,935.0,39.51371070063318,0.042260653155757416,51.94943503907157,4.185489491767541,0.0,31.818031999999995,0.009102930861905589,31.809999999999995,31.83,-4.0226841744837854e-06,0.020000000000003126,3.552713678800501e-15,0.23749225368483443,3.2749201708152214
19,466,1247.112,1252.108,0.0,0.0,0.0,0.0,0.0,-7.365146758432149e-05,0.11446152265621612,-0.1696785166674323,0.7794983472724355,3.7364883385922325,18.77112889142233,67.93478260869564,883.2,112.01428480332319,108.55413396089529,280.0,50.0,0.3298859148040397,0.002210935143351549,0.3260552666508858,0.3334729077671849,-0.27958192126436593,-1.3455410532768945,0.32601657207280815,4.2937061583776e-06,1.0332113825285399e-08,3,0.6,0.006237117313071361,0.00745316402103352,0.002208300502903953,0.019343249313348375,9.922251504985916e-05,7.307528696933275,0.022594117102904574,7.254178038681931,7.334344827396632,-0.5397350119694361,-0.9061386774090119,7.248401632791986,6.907911163155148e-05,1.654950491764966e-07,1,0.2,0.08591895579349895,0.08591895579349895,0.022563285511400553,0.29558215512820457,0.020023521427772358,1.9742816775078798,45.16209473992291,-92.6378243679876,58.46081309363939,-0.5999601685525137,-1.0144596542117725,0.005507006830592732,3.784173152687341,69.18819188191881,867.2,136.74501819079188,0.15768567595801647,51.715583779627,7.724528693973689,0.0,31.815047999999997,0.008080373232373608,31.809999999999995,31.830000000000005,-5.189952761566196e-06,0.020000000000010232,0.019999999999999574,0.7695373798986752,1.2534092732231699
19,467,1249.612,1254.608,0.0,0.0,0.0,0.0,0.0,0.0006028790709946251,0.1266832654976399,-0.1359415619801257,0.7832637803568465,3.7542723505492357,17.372821475771243,63.829787234042556,940.0,46.9041575982343,64.34283176858165,116.0,50.0,0.3291411400270075,0.0022547180405741458,0.3260889911636146,0.3334729077671849,0.3884742250461858,-1.256468296898403,0.3312756661698434,2.876176472151648e-06,-7.009268759573799e-09,1,0.2,0.0021958002166946877,0.0021958002166946877,0.0005659965128493624,0.0011774843839456152,1.8786826736826167e-06,7.270206618011732,0.03912166600517352,7.204919689199681,7.331588614022026,0.014195687392437692,-1.3331771018904917,7.320714244579616,7.48603673924883e-05,-1.7886195560451894e-07,0,0.0,0.0,0.0,0.002323250650964572,0.004174243192734306,3.0486409181514412e-05,0.7160025637544346,46.06247531021427,-93.83049186699486,58.46081309363939,-0.49816104080443985,-1.1732708660491817,-0.007509486575429464,3.707914687490112,64.2123287671233,934.4,48.0499739854248,0.05142334544673031,54.30922048099216,3.3316063602320147,0.0,31.813967999999992,0.007553079113326281,31.809999999999995,31.830000000000005,1.8411531783518054e-06,0.020000000000010232,-3.552713678800501e-15,0.5655848624277767,0.38254153308074024
19,468,1252.112,1257.108,0.0,0.0,0.0,0.0,0.0,0.0015817250946473513,0.12262188174695468,-0.1359415619801257,0.7832637803568465,3.7991997666855903,17.860956990728152,66.84491978609626,897.6,39.45630494610462,53.44155686354955,92.0,50.0,0.32988807904710493,0.0022997638079825153,0.3260889911636146,0.3327838257889125,-0.3153360573811601,-1.570964977348621,0.32717069240025126,6.031877001486277e-07,1.2561141693498233e-09,4,0.8,0.004022985961995643,0.005612828238167777,0.002147002294713846,0.014109192768536392,6.289483367195638e-05,7.206923974277234,0.03387794532627705,7.147442308985256,7.2689484227927075,0.054853474689006726,-1.0850290830577574,7.258286751920165,8.453317506025222e-05,-2.0788307823222914e-07,0,0.0,0.0,0.0,0.001620727850863513,0.001958618214183284,1.3906947464309547e-05,-3.747694029056238,46.72406703308351,-96.17713910809636,58.01559643079212,-0.36191083028316234,-1.2911937632510178,-0.002216550247840128,3.703026820577763,63.69426751592356,942.0,35.552777669262355,0.037741802196669165,54.428053831865725,3.8292126917835905,0.0,31.812951999999996,0.00686762814528884,31.809999999999995,31.830000000000005,-1.2059747878238425e-05,0.020000000000010232,-0.020000000000010232,-0.8777276341356944,3.1506522701726922
19,469,1254.612,1259.608,0.0,0.0,0.0,0.0,0.0,-6.876665923247458e-05,0.11317427408577413,-0.1312144089604605,0.7752578823488963,3.767309472642273,18.759581209196234,68.11989100817439,880.8,147.65906677207465,166.70932787339765,384.0,100.0,0.32964070825704506,0.002626189574522746,0.3244303367100468,0.3327838257889125,-0.5294783718109447,-1.1759476242908342,0.33142025636846745,2.072891919103682e-06,-5.14827922056023e-09,2,0.4,0.0010822706742836807,0.0013636983298096483,0.00041333589275018446,0.001366745580533014,1.2275580477203607e-06,7.151784397417339,0.03034149267738464,7.102837212199699,7.204819128893311,0.12975727375487983,-1.216383297924911,7.194672433675222,6.286227550210217e-05,-1.4994758857395313e-07,0,0.0,0.0,0.0,0.001751412343737406,0.0025832115878871567,1.668021302426548e-05,1.2076049857625633,45.3222792930098,-97.67865006547856,57.97927328926871,-0.5637055134415176,-1.0288081319625215,-0.00015770463660313503,3.8882137965555312,70.82152974504248,847.2,117.82699181426979,0.13907813009238643,51.454773354061594,8.026607574234323,0.0,31.813959999999998,0.007536058671818356,31.809999999999995,31.83,9.542672347351318e-06,0.020000000000003126,0.0,0.7811909351699605,2.701638736868091
19,470,1257.112,1262.108,0.0,0.0,0.0,0.0,0.0,-0.0013758147292903752,0.11756754004177972,-0.1534013871335369,0.8060495838887409,3.9885478025315537,20.365251165876114,65.21739130434783,920.0,144.138821973818,193.33908037435162,344.0,75.0,0.32832049889236414,0.0018689682130886534,0.3244303367100468,0.3311845275832608,-0.30549763475852976,-0.9913349617096654,0.33063222934415676,6.822779623212366e-06,-1.6489106109039948e-08,1,0.2,0.0003179325853243098,0.0003179325853243098,7.829128469850839e-05,0.00011400293470102452,3.327123763894889e-08,7.1006816796250405,0.028642373876043965,7.050448383702723,7.147341718330012,-0.06724919885962581,-1.2690299955259965,7.137750855837198,4.731176134615672e-05,-1.1247779451931831e-07,0,0.0,0.0,0.0,0.0016512998342806796,0.0026481297108753394,1.5045658333372184e-05,1.7612352907348603,47.96134323510117,-100.14435938969038,61.59660284688064,-0.5671975164164464,-1.0163776279129881,-0.011534285543399527,3.8342728022156773,63.07821698906644,951.2,79.71950827745991,0.08380940735645491,55.775437233896724,3.7283022566200024,0.0,31.808976,0.012703470306338258,31.79,31.83,-1.9557122276553214e-05,0.03999999999999915,-0.01999999999999602,-0.46069585810780794,2.1391743152813874
19,471,1259.612,1264.608,0.0,0.0,0.0,0.0,0.0,-0.001080318582242254,0.11613954534215545,-0.1534013871335369,0.8060495838887409,4.036438067295703,20.89904446345194,61.664953751284685,973.0,62.25752966509352,69.9714227381436,132.0,33.33333333333333,0.3292673923563779,0.001689993086574733,0.3253396545732959,0.3319597754654734,-0.6596030303093402,-0.4073454664793479,0.3282649313323125,2.7080686121921326e-07,-7.022548853084076e-10,5,1.0,0.0021939415584138365,0.0036950906350829427,0.0011454822952039242,0.006778419059325113,1.574682340855504e-05,7.050364927908493,0.029347979418059465,7.000571923607355,7.102781235870673,0.037325988895281194,-1.1852749967246836,7.092259634704575,6.615350452809221e-05,-1.5723924516172062e-07,0,0.0,0.0,0.0,0.0018962658526701214,0.002585676868122927,1.932332364405451e-05,-1.0532121871471085,47.62510818570802,-100.14435938969038,61.59660284688064,-0.43643950186262576,-1.1607713542809652,0.001662814743900464,3.859508154266617,61.34969325153374,978.0,63.54001363970056,0.06496933909989833,55.975943131860596,4.088459248658333,0.0,31.804919999999996,0.013346428913400387,31.79,31.830000000000005,2.365839850139491e-05,0.04000000000000625,0.01999999999999602,-0.02020201928559647,0.3152604997509414
19,472,1262.112,1267.108,0.0,0.0,0.0,0.0,0.0,-0.00019927574889081718,0.11472589851659118,-0.1332482099526735,0.7842598622042027,3.9278324903246333,20.042207593128662,63.775510204081634,940.8,128.91547618497944,154.01298646542764,320.0,75.0,0.328067846718912,0.0019287540921206917,0.3253396545732959,0.3319597754654734,0.44284874137420094,-0.9520391501853274,0.3296773037995063,2.902019053900365e-06,-7.051609659640751e-09,2,0.4,0.0015362403258759039,0.0022820966561864497,0.0006042970354278853,0.0014600575893142663,2.251391688701272e-06,6.997548783681285,0.031600512605702485,6.9413208702441365,7.0503609226259085,-0.10230074863936874,-1.2030908856352627,7.040380137391574,6.065217145693635e-05,-1.4305498961882111e-07,0,0.0,0.0,0.0,0.0017056951079207963,0.0024004057656187923,1.5706624041294888e-05,1.806732710998027,47.14102791987307,-100.02325360912997,59.550676072493935,-0.5380460619357236,-1.1101364183486528,0.005171862933682094,3.803245628306938,65.61679790026247,914.4,146.221749408219,0.15991004965903216,53.58689655238504,6.4912669129888165,0.0,31.811895999999997,0.01197511364392467,31.79,31.830000000000005,1.4843882780103715e-05,0.04000000000000625,0.03999999999999915,0.70037683230673,1.841287696180835
19,473,1264.612,1269.608,0.0,0.0,0.0,0.0,0.0,8.527097564886237e-05,0.11358250854631043,-0.1416855511544913,0.7842598622042027,3.894580314481839,19.837846554175364,60.120240480961925,998.0,77.45966692414834,92.69304181005174,168.0,33.33333333333333,0.32838164044800877,0.0017029033446171557,0.325523104097941,0.331133796087924,-0.10131991336846831,-1.2903916491257497,0.3252173222166799,2.2560563653074085e-06,5.352388555646202e-09,3,0.6,0.004586307012776514,0.005914841604204246,0.0017016353117480709,0.015813325619983075,6.453078076560539e-05,6.941580646455429,0.03300557641880826,6.887254990336329,7.000477316004091,0.055866520915837846,-1.2151165776136952,6.990266711264386,8.370167519564832e-05,-2.02475812833464e-07,0,0.0,0.0,0.0,0.0015624270979806769,0.0018831043044172963,1.292044338016145e-05,0.5315118319317927,47.273828272028226,-100.02325360912997,59.550676072493935,-0.5401177831117585,-1.0356192034659077,-0.0008406851763298694,3.86235328338651,60.36217303822938,994.0,62.1825270205921,0.06255787426618924,55.42279510977723,3.0174232524424256,0.0,31.815111999999992,0.008112701425631464,31.809999999999995,31.830000000000005,-2.6476048944569553e-06,0.020000000000010232,-0.019999999999999574,-0.78159304889068,0.24193255726745377
19,474,1267.112,1272.108,0.0,0.0,0.0,0.0,0.0,-0.0002920621494174477,0.11228777387165964,-0.1416855511544913,0.7572133198950755,3.766008055836225,18.850686143913673,63.29113924050633,948.0,123.70933675353692,86.46386528486914,292.0,75.0,0.32880587828977526,0.0018748942602727799,0.3255287033831536,0.3316676406333391,-0.4679579408111097,-1.1654382575886242,0.32751621590052016,2.835757334288386e-06,6.687504090853749e-09,3,0.6,0.003506523307773457,0.004149510485356611,0.001317213122179544,0.008443511964355662,2.2931799072785582e-05,6.887623164016061,0.029307268937748054,6.839582598302182,6.941228680134172,0.12880038598000007,-1.1681792240604107,6.931197668878022,5.819437712029447e-05,-1.424366983196168e-07,0,0.0,0.0,0.0,0.0016713562902825154,0.002275246224835911,1.5009367129844524e-05,-0.11518067653398302,43.993993927401114,-96.72516305918508,55.94476231550214,-0.5377390571740044,-1.0082986418300077,0.013401963549279182,3.9800884570337947,60.24096385542169,996.0,67.96077299933151,0.06823370783065413,48.32294218468435,7.329980718822008,0.0,31.817079999999994,0.009022633826477637,31.809999999999995,31.830000000000005,-6.803593474270144e-06,0.020000000000010232,-0.019999999999999574,0.6469370835152104,3.0501753850846427
19,475,1269.612,1274.608,0.0,0.0,0.0,0.0,0.0,3.058114814491848e-05,0.11612667094632863,-0.1447118435516878,0.7630991887877681,3.7198550824299543,18.194241574643545,58.93909626719057,1018.0,51.1729094997213,75.8946638440411,112.0,66.66666666666666,0.32830917556794836,0.0023379155694664947,0.3246181560967259,0.3319721989695643,0.07680386076266082,-1.529272233736854,0.3286516109671191,2.9904062928267293e-06,-7.41859944817247e-09,1,0.2,0.0030114339353226605,0.0030114339353226605,0.0011474937277953427,0.004506056573196677,1.0652184960070559e-05,6.841195381239173,0.024678714579743827,6.797132514413198,6.8871587696742536,0.03871363768406718,-1.0952563900448102,6.877678667965823,7.308168840231936e-05,-1.8124065739378525e-07,0,0.0,0.0,0.0,0.001410447387191293,0.0016620519333746184,1.050374317960892e-05,-1.081661214680957,44.51451040667641,-91.02587209018058,53.55707479978953,-0.49793929376740786,-1.116497201991437,-0.00332354343580062,3.709848906500761,56.81818181818182,1056.0,153.64027249823965,0.14549268228999968,46.989641091230375,6.26085544653021,0.0,31.813959999999998,0.007543139939821575,31.809999999999995,31.830000000000005,-1.319348044380708e-05,0.020000000000010232,3.552713678800501e-15,-0.29752394629319373,2.120914449008751
19,476,1272.112,1277.108,0.0,0.0,0.0,0.0,0.0,0.0021569858960894758,0.11969191285231963,-0.1604728291002867,0.7710775059025679,3.6439787876802825,17.427595039258303,66.19593998234775,906.4,142.95733629303535,187.50999973334754,364.0,75.0,0.3286588511596373,0.0023016597967349815,0.3246181560967259,0.3319728296927292,-0.30077551603888947,-1.1391177777721615,0.32623229931920916,2.789621945658156e-06,6.577584017257037e-09,2,0.4,0.004295026534609253,0.005738997703922999,0.0019832819381644233,0.01321754075717117,5.459333539550691e-05,6.796423374138083,0.027165887780328295,6.747374264242167,6.839513766672416,-0.08577535409325276,-1.2420323385717136,6.8301172124592995,4.524704259874855e-05,-1.0757757604598246e-07,0,0.0,0.0,0.0,0.0019549679741616933,0.0034593557062093444,2.151334124695546e-05,-0.2596398362955857,46.069661186677045,-94.53340776660256,55.14163331953284,-0.5268708546840926,-1.0904186900923083,0.011295085562029948,3.7106652103588935,63.89776357827476,939.0,152.22351986470423,0.16211237472279472,51.605226325041805,2.926798387811525,0.0,31.81401599999999,0.007570065838435635,31.809999999999995,31.83,6.015696650049083e-06,0.020000000000003126,3.552713678800501e-15,0.08993287092727596,2.29817640407299
19,477,1274.612,1279.608,0.0,0.0,0.0,0.0,0.0,0.0009386658139248986,0.11691676054867312,-0.1604728291002867,0.7710775059025679,3.7619029758809575,18.27521993874467,63.88415672913117,939.2,78.5060507222214,92.04346799203081,216.0,75.0,0.32762336710028495,0.002004208920999724,0.3247832988734637,0.3319728296927292,0.4536226976492688,-0.8456853332355245,0.3312465421904951,6.635941466673859e-06,-1.6023276993902716e-08,1,0.2,0.0007072188235243693,0.0007072188235243693,0.000136184558507225,0.00016634687338807998,9.828570006597694e-08,6.746767754055632,0.029834284956881327,6.694138198097391,6.797044984428759,-0.06485711751134961,-1.2262684126808263,6.7874906978013545,5.209296374526203e-05,-1.2906131755944682e-07,0,0.0,0.0,0.0,0.0015638001485492276,0.0020788198699040875,1.3097593190632634e-05,-1.1489458862258801,47.13664833505187,-94.53340776660256,55.14163331953284,-0.4932929800148756,-1.1603273151103648,-0.01417559309645222,3.60813757908414,61.72839506172839,972.0,51.329004146453755,0.05280761743462321,53.3597312940865,2.380303795104588,0.0,31.816895999999996,0.008934098696751101,31.809999999999995,31.830000000000005,-1.4521353293533334e-06,0.020000000000010232,0.019999999999999574,0.4446058808633309,2.1557616674027784
19,478,1277.112,1282.108,0.0,0.0,0.0,0.0,0.0,-0.0016033000458041276,0.1149055537715163,-0.1379152984442285,0.7821132291255782,3.8131485109194183,18.852033565663554,61.79196704428424,971.0,32.39341496868358,27.80887148615228,68.0,0.0,0.3287239305861516,0.002274018700216197,0.324962129775036,0.3321311326701269,-0.20932408320838447,-1.4337006856462897,0.32540459507688346,1.7270369910117064e-06,4.076056966990637e-09,5,1.0,0.0037832194679906727,0.006725318744294495,0.002245496816873921,0.016676582320702925,8.086595644712943e-05,6.693306913313223,0.031715224799534814,6.638788937438127,6.747294835639842,-0.023137312544119888,-1.2181154293250902,6.737469834340765,5.2022635107941537e-05,-1.2620386928689785e-07,0,0.0,0.0,0.0,0.0016909581640698463,0.0023109146466489964,1.5371282946787574e-05,0.4243606538389508,43.22518454876812,-91.50647776000716,54.61046759756872,-0.5679915718483471,-0.9946897060364863,0.011937407670262513,3.871627440772365,60.97560975609756,984.0,59.41941321375251,0.06038558253430133,48.76256671903407,5.574153443470552,0.0,31.817223999999992,0.010753704089837408,31.79,31.830000000000005,6.120554317377164e-07,0.04000000000000625,-0.019999999999999574,-0.8577070163413753,0.8163572881866799
19,479,1279.612,1284.608,0.0,0.0,0.0,0.0,0.0,0.0005795375174631886,0.1248804863037203,-0.1627357151802587,0.801705215943998,3.714814203993298,17.325508110439866,64.54388984509467,929.6,66.06663303060026,80.94442537939224,152.0,50.0,0.3280819011122567,0.0028273907594305735,0.3225499352800052,0.3321311326701269,-0.2853796110361916,-1.1636383419528011,0.3295660122733736,4.942518472438377e-07,-1.2381561659899993e-09,2,0.4,0.0020208309772428157,0.00256519799459648,0.000813142337161273,0.0027235700865824064,4.787687079211383e-06,6.638710845488814,0.031264736138664415,6.588388127224859,6.694033219394416,0.04362281631874725,-1.2135343413267763,6.684492361080535,6.56294265307055e-05,-1.637984481373749e-07,0,0.0,0.0,0.0,0.001420090955106775,0.0017072424453801764,1.0671019102510938e-05,2.1909378972292637,38.815057121092565,-80.36125966330458,47.19266413596256,-0.5935730439211999,-1.0192359078333113,-0.008547987967168878,3.699887213168161,63.50550381033023,944.8,59.82641557038161,0.06332177769938782,44.21793627703757,2.4009414073367945,0.0,31.81119199999999,0.0131189182344529,31.79,31.83,-2.0630182803317914e-05,0.03999999999999915,-0.019999999999999574,0.7601539014347066,1.0383860347644358
19,480,1282.112,1287.108,0.0,0.0,0.0,0.0,0.0,-0.0008523173261182162,0.11499596977285526,-0.1633079851621859,0.801705215943998,3.9382800554451936,20.191973673507526,66.3716814159292,904.0,28.705400188814647,38.88444419044716,68.0,25.0,0.3274187899282746,0.0023796595437307385,0.3225499352800052,0.3317632350800542,-0.14258509782240147,-0.7162752216391457,0.32881675012035577,6.360928154602592e-06,-1.5319896883588832e-08,3,0.6,0.0015177648629624378,0.0029512675965914226,0.0007930883323926557,0.0020466029440332624,3.98357934573535e-06,6.594835951257555,0.02072398985791678,6.56130276389701,6.638706185068217,0.4750218147961253,-0.8464324788614341,6.629167038669045,4.857241911995767e-05,-1.1333639470062648e-07,0,0.0,0.0,0.0,0.0015351710095041881,0.0019479773953693426,1.2547948021176659e-05,-3.412930474472079,43.41409970907518,-88.6480070803381,58.22084245375631,-0.34705006383964687,-1.2358440541064473,-0.0022572526531298718,3.8330311758825863,65.64551422319475,914.0,43.01937547973781,0.047067150415468065,48.55381185955696,7.274266152959118,0.0,31.808559999999996,0.010602852929204957,31.79,31.85000000000001,2.0547515230435717e-05,0.06000000000000938,0.060000000000005826,-0.6263502501969341,0.7261671927344509
19,481,1284.612,1289.608,0.0,0.0,0.0,0.0,0.0,-3.2052085786846266e-05,0.11550252467054373,-0.1633079851621859,0.7969081192699753,3.7606632722720974,18.72803426088353,65.61679790026247,914.4,148.71718125354582,124.54717981552211,352.0,50.0,0.32777130035502866,0.002276504742043901,0.324543380538931,0.3317632350800542,-0.03253400041108602,-1.342072415387547,0.32802190755261507,1.9667635976575353e-07,-5.101008248449775e-10,3,0.6,0.002307977357463501,0.003741300861496988,0.0011093992442482614,0.004433124851896187,1.0082094200091849e-05,6.556859100067892,0.024428021887934817,6.510110663455221,6.588361952260891,-0.3764574958091787,-1.2018358569688095,6.579562541618046,2.631720074050492e-05,-6.076900809034499e-08,0,0.0,0.0,0.0,0.0025624045656676264,0.006547555021514106,4.142314467843628e-05,1.4244186763577582,43.59879127645783,-88.6480070803381,58.22084245375631,-0.5413323160340794,-1.041537557113617,0.0077477259545645355,3.8356677733065534,67.50675067506751,888.8,118.09826417013927,0.13287383457486418,48.5144484790267,8.273716868006375,0.0,31.818015999999993,0.015134516915530579,31.809999999999995,31.85000000000001,4.418460427838497e-06,0.04000000000001336,3.552713678800501e-15,0.7662564162399931,1.8899527748050389
19,482,1287.112,1292.108,0.0,0.0,0.0,0.0,0.0,0.0029637815761655527,0.12435893074152951,-0.1550053837589393,0.7969081192699753,3.75718507714088,17.55809009752137,61.37479541734861,977.6,59.70594610254493,82.02438661763951,144.0,50.0,0.3270530985988878,0.001889825295858471,0.324543380538931,0.3308873341849954,0.10705535051941774,-1.370890751655556,0.3303107371573723,8.16832722425659e-06,-1.9723143118185435e-08,0,0.0,0.0,0.0,4.93800035724619e-05,3.208001679420636e-05,1.24024296593663e-08,6.509355056152262,0.030462066362849375,6.456431302533964,6.561219408595561,-0.0018902932615483643,-1.214463720237757,6.5518274134100105,7.130718334184003e-05,-1.7744281978484605e-07,0,0.0,0.0,0.0,0.0015571979315305512,0.002129203270670594,1.3037063804925254e-05,1.8671683791208074,40.224705177781196,-86.84800252587397,50.93709512311248,-0.5646036894575797,-1.027914583383728,-0.008759253165236819,3.8851158707495346,63.29113924050633,948.0,73.37574531137656,0.07740057522297106,48.015895030591196,2.173214639558906,0.0,31.820335999999998,0.014333285749782284,31.809999999999995,31.85000000000001,-1.930564819558223e-05,0.04000000000001336,-0.04000000000000625,-0.32102846370757643,1.9163438231577246
19,483,1289.612,1294.608,0.0,0.0,0.0,0.0,0.0,-0.0013962396649980025,0.11339374952988403,-0.1550053837589393,0.794299807626792,3.9619336022985814,20.46859076195057,62.11180124223603,966.0,70.3893931403494,85.22910301065006,156.0,33.33333333333333,0.32721727048730054,0.002076437773884061,0.3233652345705182,0.3300817638736393,-0.43508073207696124,-1.274532222574221,0.3245997388864117,4.028214810832141e-06,9.623570567583731e-09,4,0.8,0.0034736760821945517,0.0054798619276691385,0.001924969709071849,0.013576261386060433,5.53769661481978e-05,6.4571213474337315,0.0298305378665565,6.407262076520081,6.510033883882455,0.06150931545791987,-1.208679543719209,6.500456706890553,8.176209977626121e-05,-2.0076506189270416e-07,0,0.0,0.0,0.0,0.001606701825335711,0.002129804983879513,1.3820340785123785e-05,-0.3963275308314711,41.25056432057743,-88.49437350199435,51.09119643983436,-0.5132786222354131,-1.0308436267336625,0.012829074283584438,3.888168543773728,61.919504643962846,969.0,83.99206311709855,0.08667911570392008,48.639216701597775,1.9711208671684237,0.0,31.817527999999992,0.00878980545682415,31.809999999999995,31.83,-4.96825661967278e-06,0.020000000000003126,0.0,0.35283158004933746,0.19229659827318102
19,484,1292.112,1297.108,0.0,0.0,0.0,0.0,0.0,-0.002540369314921725,0.11476283159760384,-0.1633374633495971,0.7606205154679948,3.7263641355591295,18.477696413442427,71.97696737044146,833.6,80.12989454629277,93.85094565320053,188.0,50.0,0.3264882708527023,0.002330674729849517,0.3233652345705182,0.3300817638736393,0.27841539398604576,-1.6184407077667669,0.3293919173114441,6.091229413144499e-06,-1.4761709715458719e-08,2,0.4,0.0006767535767629729,0.0006810072742181594,0.0001735231454487032,0.00031719035726673623,1.7072363810343963e-07,6.405767084949587,0.02960324764028017,6.353471926544128,6.456339759929988,-0.08277855850116006,-1.1431252571123431,6.447168640876819,6.202133870044998e-05,-1.469089137688466e-07,0,0.0,0.0,0.0,0.0014717243007714138,0.0019702780105058226,1.1611825814747803e-05,1.333798261899966,42.15558171515911,-88.49437350199435,51.09119643983436,-0.6080238114281147,-0.9975399889934198,0.005645169835001383,3.7577154239166823,65.55944055944056,915.2,98.44389264956968,0.1075654421433235,46.69278334416503,4.9274603022372325,0.0,31.809511999999998,0.011550688906876404,31.79,31.83,-1.4562180199796991e-05,0.03999999999999915,3.552713678800501e-15,0.039805423584321036,6.417526811000897
19,485,1294.612,1299.608,0.0,0.0,0.0,0.0,0.0,0.001866648389493246,0.12969974355655386,-0.1646556726454502,0.8195748150634616,3.6092527827137806,16.29607614690677,68.6184812442818,874.4,59.504621669245154,71.4142842854285,144.0,75.0,0.32793013926062214,0.002251472373071935,0.3237136609227919,0.3307052501104217,-0.7391431568080631,-1.162095323135968,0.32325113649059395,4.152231337403383e-06,9.989006034349733e-09,4,0.8,0.005440617814445298,0.006815960261737697,0.002247768616507016,0.02337916260409083,0.00013470744352141325,6.355911453175756,0.027948161539979192,6.315461871929042,6.407175636062594,0.246429302804137,-1.2873117357374215,6.397910759338009,8.164856161814393e-05,-2.009764562431866e-07,0,0.0,0.0,0.0,0.0014711245800281495,0.0019087285724064971,1.1554895967881482e-05,0.24810669503587596,42.01023174294256,-89.89722880779243,59.5734159147512,-0.5206070967347111,-1.1301010780672973,0.012821237511001823,4.008464409288094,69.57328385899815,862.4,46.441360875839976,0.05385129971688309,49.29751236535611,6.827768116948497,0.0,31.810007999999996,0.01211559250107468,31.79,31.830000000000005,2.2964269417163616e-05,0.04000000000000625,0.0,-0.8891737237585119,0.9548026147163569
19,486,1297.112,1302.108,0.0644,3.0,0.0,3.0,0.0,0.0006246549506987174,0.1317548061014982,-0.1646556726454502,0.8195748150634616,3.746422142217499,17.014011650292037,66.60746003552399,900.8,33.51417610504546,46.73328578219169,88.0,50.0,0.328030002169627,0.002126875400921163,0.323904556980252,0.3307570846986866,-0.634688540085433,-1.1234730478170654,0.3283374455579759,3.44417802802452e-07,-9.081092467346746e-10,3,0.6,0.0017832609451631047,0.002419679519598039,0.0007513513444407054,0.0037799492400807304,5.6786139235669555e-06,6.313493278789231,0.020967808878083628,6.2802440730243685,6.353403653555735,0.03790566789216389,-1.0925633683647813,6.344413723273379,4.5314920590163454e-05,-1.057122152234861e-07,0,0.0,0.0,0.0,0.0015043233862901495,0.0019624162628936403,1.2090063907066414e-05,-1.791064350658577,43.4023698018588,-91.92495378561492,59.5734159147512,-0.43965351993535484,-1.1213953282084521,0.003769417169331198,3.9953305397418384,68.74427131072412,872.8,57.993103038206186,0.06644489349015374,51.22801848634152,6.424861245888681,0.0,31.817983999999996,0.00910414868478767,31.809999999999995,31.830000000000005,4.448033566773557e-06,0.020000000000010232,0.0,0.7919597802945557,2.136811275200131
19,487,1299.612,1304.608,5.9508,26.0,0.0,26.0,23.0,-0.0012305706348906056,0.12685505654593893,-0.1810433603169564,0.7885033353276714,3.7727238871840343,17.33688609788991,68.87052341597796,871.2,64.46084082603949,74.26977851050857,168.0,100.0,0.32733066034596797,0.0022625315581598156,0.323904556980252,0.3308750512032531,0.20577077552000947,-1.441979058658575,0.32989074151350567,6.966575502653399e-06,-1.6860047799287876e-08,2,0.4,0.0009184530928318391,0.0009896104787124882,0.0002794077063555111,0.0006273224306796383,4.6913995770203185e-07,6.444120910437608,0.1828482286995158,6.2802440730243685,6.773474020357678,0.6889089410059449,-1.2248234004434093,6.30841027572059,3.767554264914947e-05,-9.451392149200338e-08,1,0.2,0.46509535250919676,0.46509535250919676,0.17725202543424803,0.7116503348748692,0.25846277155510355,-3.190489174424142,44.37744709801974,-91.92495378561492,53.70798683890665,-0.4411370235083754,-1.202755864841805,-0.0023339422584691375,3.7383907106799223,67.1892497200448,893.0,24.953289696283868,0.027943213545670625,50.86292236318115,2.800843729455343,0.0,31.816815999999992,0.00894774404927576,31.809999999999995,31.83,6.201962369278413e-06,0.020000000000003126,0.019999999999999574,0.6363847655113434,1.6812736959331573
19,488,1302.112,1307.108,21.9216,35.0,2.0,33.0,34.0,0.0022169763997749213,0.12489216584898606,-0.1810433603169564,0.8217735119715655,3.7714075355384056,17.743447495062426,72.93354943273906,822.6666666666666,95.1181721158826,99.75971130671941,280.0,80.0,0.3287083572070152,0.0017050140825171265,0.3248140616330565,0.3308750512032531,-0.9665293207665144,-0.23723829581232714,0.32647102451845267,1.0899321827758068e-06,2.4750721441126186e-09,4,0.8,0.003050058102661138,0.0044035363599378985,0.0014046509322350688,0.011970895819303353,3.852649292736942e-05,6.645927030828956,0.12403734910348903,6.308947898164862,6.780203051960395,-1.2646942039424591,0.5943386085846813,6.319024414934188,0.0004303267918992652,1.0339199666555844e-06,1,0.2,0.4543036598728749,0.4543036598728749,0.12349741311605981,1.6338697475384474,0.6107056739791201,-0.5220307127467593,39.02337346642849,-86.90294525727161,51.56302933438628,-0.5442517753403278,-0.9711606384893408,-0.007573874793022142,4.0933323540658675,72.74490785645006,824.8,122.91135016750894,0.14901958070745508,45.54814806102817,6.84812891695595,0.0,31.814016,0.007591194495992797,31.809999999999995,31.83,-1.5755274083349307e-06,0.020000000000003126,0.0,0.834393381423471,0.18864157628900102
19,489,1304.612,1309.608,32.848,35.0,25.0,10.0,34.0,-0.0004447253694339086,0.11824769250339422,-0.1634751273122058,0.8217735119715655,3.928158593006746,20.197414037739325,70.35647279549718,852.8,198.52254280055956,190.04210059878838,488.0,75.0,0.3270167813114313,0.0024626250986451255,0.3237186089206883,0.3302561306252999,-0.05520068872729031,-1.7412873084095575,0.32939384920565234,2.610075404099208e-06,-6.443086299348342e-09,2,0.4,0.0007906488169198977,0.0008629430002653482,0.0002535290866268313,0.0006620953680379906,4.0898454222237544e-07,6.764285375786459,0.07555593061883535,6.596753252224961,6.849285799547322,-0.598499437389849,-0.8073862564831815,6.684460734330994,9.23094120558949e-06,-2.443431695497794e-08,1,0.2,0.16483350020216125,0.16483350020216125,0.06245678832978405,0.4376442390416775,0.0578390164622276,2.8877787273302182,34.452625958510595,-72.6989409216387,51.56302933438628,-0.6476338862711385,-0.8198044349912297,-0.003229523279103725,4.123285683503246,70.29053420805998,853.6,89.78195809849548,0.1051803632831484,43.79138086410407,4.266421329936967,0.0,31.81808799999999,0.00946242822292742,31.809999999999995,31.830000000000005,1.630111763268722e-05,0.020000000000010232,0.0,-0.8302384349339131,0.06593858743720205
19,490,1307.112,1312.108,18.218,35.0,0.0,35.0,34.0,-0.0028883784314410006,0.11794487613060435,-0.1819367493145534,0.8136901593307988,3.7589614686437707,18.897729648270488,71.49666348903718,839.2,76.12621099200985,116.24112869376312,200.0,75.0,0.32673835717284483,0.0021891312056967495,0.3237186089206883,0.3296612096994491,-0.09390480661005254,-1.7280179310942652,0.3269961180120855,4.750162199619559e-06,-1.1404737550831717e-08,2,0.4,0.002247591769209162,0.002667999989025227,0.0009873410975205375,0.004507984816872215,8.944102251478839e-06,6.784789766328339,0.05494237248592075,6.673503977050864,6.849285799547322,-0.5620653829246869,-1.0272568470671728,6.772422205660312,5.228154736265365e-05,1.206082848333036e-07,1,0.2,0.0768813928714378,0.0768813928714378,0.029690749002081428,0.15672923815742817,0.009318025089285647,2.3848906643864156,35.684735721300754,-72.6989409216387,44.580067773131546,-0.6651294654795595,-0.975523567812699,0.001414552113304695,3.6962683216992853,64.87889273356402,924.8,63.39716081970864,0.0685522932739064,41.561619144750686,2.6914421995976947,0.0,31.814167999999995,0.014268699632923276,31.79,31.830000000000005,-1.707311172679297e-05,0.04000000000000625,0.0,-0.7760187014206334,6.61777075547316
19,491,1309.612,1314.608,1.4052,30.0,0.0,30.0,0.0,0.000698495319681072,0.12224733546721546,-0.1819367493145534,0.7955236315059444,3.650283606013355,16.995140111052216,70.6880301602262,848.8,57.01929497985748,64.43601477434805,144.0,75.0,0.327968800055791,0.0012215247126750788,0.3257810721004568,0.3297841106059598,-0.1659047731764887,-1.395481036728098,0.32723409937436165,1.0316695739235226e-06,2.2593695904265128e-09,4,0.8,0.0016531668882713846,0.0025493937227650254,0.000930884355496026,0.004864019671135559,9.064304096456188e-06,6.677888421370959,0.07277336528780244,6.557766886192725,6.809548502487868,0.146819470162158,-1.1342213681007451,6.796708630355306,0.00014698963263057196,-3.557804509611429e-07,0,0.0,0.0,0.0,0.001675940591939685,0.0017102765901787598,1.4634767323342858e-05,-0.6834777522202272,44.646358211864445,-95.180536228279,59.799646623643824,-0.4660899985459524,-1.1244568374779376,0.008111885645839912,3.9348423041486624,68.36827711941659,877.6,48.299068313995456,0.05503540145168124,49.21058068961406,8.92034557388834,0.0,31.807271999999998,0.008898636312319406,31.79,31.83,7.458831013649315e-06,0.03999999999999915,-0.019999999999999574,0.7404463274412709,2.3197530408096156
19,492,1312.112,1317.108,0.0,0.0,0.0,0.0,0.0,0.001986622333856033,0.12250282622462501,-0.1467656920326437,0.7942363673579685,3.662056229192471,16.967065015560305,69.70260223048328,860.8,63.64903769893147,60.991802727907626,156.0,75.0,0.3276689744503103,0.0014758275531771526,0.3253625858735418,0.3301459053395252,0.34585696192466764,-1.283867247330004,0.32886241795555227,4.544831770832678e-06,-1.0964179427743342e-08,3,0.6,0.0010398320813870081,0.0012868240766299444,0.0004104518607398156,0.0011796982704787983,1.1214344361896451e-06,6.559863025255878,0.06439367062121572,6.453171384748905,6.673322078925819,0.0655207606760505,-1.2173231882024702,6.661813078282279,0.0001258932429770442,-3.0487880061596866e-07,0,0.0,0.0,0.0,0.0014213057955213993,0.0013756300998157426,1.0483308866458195e-05,-0.4532061659326522,46.46645353353246,-95.180536228279,59.799646623643824,-0.4698794806910343,-1.1404179156825787,0.011102596087759008,3.7996958026001613,70.4225352112676,852.0,56.42694391866354,0.06622880741627175,54.01563442631137,4.321849263126209,0.0,31.818015999999993,0.009439101596986155,31.809999999999995,31.83,1.963586792698381e-05,0.020000000000003126,0.0,-0.3079289401724118,0.7199329807843213
19,493,1314.612,1319.608,0.0,0.0,0.0,0.0,0.0,0.00010353829336113485,0.12307868871585455,-0.1689014897145936,0.7942363673579685,3.694021945934656,17.17467448267043,70.6880301602262,848.8,71.68821381510354,60.794736614282655,160.0,50.0,0.327324837860489,0.0024134942254565544,0.3228991721651693,0.3301459053395252,-0.5242128053948542,-1.1859490670643846,0.3265361968586726,1.2399604723011746e-06,2.8448904455942936e-09,3,0.6,0.003413129775304613,0.003610410976361611,0.0014113636303876508,0.007709117628819919,2.1837867619712733e-05,6.457138187329404,0.05446050758461687,6.368846545895869,6.557589416971626,0.15002105031205365,-1.1689728681619052,6.546639934439046,0.00011529113133618195,-2.800497079516027e-07,0,0.0,0.0,0.0,0.0013352453102995026,0.0012745976086699854,9.243103952858563e-06,-0.5486454650153184,41.24278817444689,-87.24506025602498,53.202608901924016,-0.48085256778870344,-1.1223415633577059,0.00123765055626184,3.8736510852440396,69.76744186046511,860.0,57.1314274283428,0.06643189235853815,50.06714388598461,2.8818737615655503,0.0,31.82090399999999,0.009412193729772292,31.809999999999995,31.830000000000005,-7.003949442510271e-06,0.020000000000010232,0.019999999999999574,0.4474423731975268,0.9205882997610928
19,494,1317.112,1322.108,0.0,0.0,0.0,0.0,0.0,-0.0016440217882980864,0.12494378392293164,-0.1689014897145936,0.8094845557116447,3.8141539934792594,18.046840344862673,70.29053420805998,853.6,71.41988518613006,44.36214602563767,168.0,50.0,0.3270010087696224,0.0023208125295988563,0.3228991721651693,0.3299965040169739,-0.4553397136544502,-1.3309982418139452,0.32911713854925134,5.319635411450413e-06,-1.2830814324035225e-08,1,0.2,0.0007966821939428548,0.0007966821939428548,0.0002150584341332072,0.0004691516130733572,2.7560035253908804e-07,6.370825515962226,0.045584351746025514,6.294849068511636,6.453039045926288,0.09649035597853803,-1.1802959132953839,6.442623397322086,9.759307936882511e-05,-2.3814793697489734e-07,0,0.0,0.0,0.0,0.001448860109765428,0.0015865406261893734,1.1003955927825947e-05,-0.6448124334350812,43.016544084692576,-88.95934276371896,59.91785929713065,-0.4511303868106899,-1.1094394127759866,0.0056500999995789045,3.9489574314993607,71.42857142857143,840.0,58.44655678480983,0.06957923426763075,53.8601957912959,5.772377744261137,0.0,31.822887999999995,0.009386376132063794,31.809999999999995,31.830000000000005,2.197461374375397e-05,0.020000000000010232,0.019999999999999574,-0.050785172298274575,1.1380372205114497
19,495,1319.612,1324.608,0.0,0.0,0.0,0.0,0.0,0.0012076621935113484,0.12654231075020247,-0.1480021667022652,0.8094845557116447,3.7574931409013588,17.340487894693567,66.25441696113074,905.6,43.96362132490908,55.89275444992848,104.0,25.0,0.3266299098028019,0.0025143378155911117,0.322590005050073,0.3307317038255704,-0.06663347372021276,-1.329714114175832,0.3239697629358504,4.551169027837391e-06,1.0859795777131616e-08,3,0.6,0.004056110930541405,0.006759082535478966,0.002285038101308753,0.014131053770078277,6.60344320991075e-05,6.295075668104662,0.04175251481533555,6.225264909947086,6.36871680021384,0.04907457837599283,-1.2373245413015495,6.358953156208562,8.078568519031148e-05,-1.9818276826818678e-07,0,0.0,0.0,0.0,0.0013102192102538407,0.0013794207800298713,8.96766299847382e-06,-1.6950428911223658,44.97162503468372,-88.95934276371896,59.91785929713065,-0.43520190042942114,-1.1652098872292407,-0.009828776221625413,3.776765277052586,74.1839762611276,808.8,155.5994858603331,0.19238314275511015,51.38161777892816,14.463889445455683,0.0,31.829999999999988,1.0681345423088644e-14,31.829999999999995,31.830000000000005,2.2887485840665016e-17,1.0658141036401503e-14,0.0,0.3640494454369262,7.929559299996853
19,496,1322.112,1327.108,0.0,0.0,0.0,0.0,0.0,-0.00111710857891612,0.11562882680540655,-0.1466855466302319,0.7544407506384412,3.7658832344758397,18.485581687650768,69.83240223463687,859.2,109.59562035045013,92.75774900244184,284.0,50.0,0.326854209188056,0.0025231174000082427,0.322590005050073,0.3307317038255704,-0.2708320560628937,-1.2974398362443589,0.32908745792572847,6.561461526585738e-06,-1.5782695692176715e-08,2,0.4,0.0009811168194062692,0.0016303597634683697,0.00041856976444375156,0.0008121125064660754,1.0077942847162611e-06,6.224911036139991,0.039203689962815244,6.158404698770841,6.294729973052417,0.00670810361766492,-1.1722999206000035,6.2850384085107285,7.484016174325157e-05,-1.8401556566986124e-07,0,0.0,0.0,0.0,0.001361536387297878,0.0014992987823758365,9.722513980890708e-06,0.21599900697968477,42.001779395361076,-88.41717538754521,56.87771137237299,-0.5143826218019698,-1.086220873156746,0.002449683362558126,3.924233036608662,66.1521499448732,907.0,39.1066916694999,0.04311652885281136,51.9764884510416,3.9508873060290544,0.0,31.821927999999993,0.009470459884471179,31.809999999999995,31.830000000000005,-2.0011440647353596e-05,0.020000000000010232,0.0,-0.26892427286343246,3.680252289763672
19,497,1324.612,1329.608,0.0,0.0,0.0,0.0,0.0,-0.0007794580330148107,0.11734446607471737,-0.1802691292124952,0.8054086316894671,3.770020680373225,18.822602154036716,69.06077348066299,868.8,132.70719648911282,164.09753197412812,328.0,50.0,0.3260884427232771,0.00247779173940868,0.3213551504106694,0.3294144199113919,-0.41342300397664805,-1.0488224198462415,0.3245780205821251,2.995799909120276e-06,7.0704524489275885e-09,3,0.6,0.00371985122863557,0.004835300838334,0.0018083234605589522,0.009935511286029566,3.609739200733759e-05,6.1582242914386445,0.037949482308660076,6.095669255596485,6.22515503950167,0.0724868162859765,-1.2198555035796006,6.2156342649639305,8.592294756151688e-05,-2.1286466361602582e-07,0,0.0,0.0,0.0,0.001396476957373982,0.001650184657723184,1.0299887050071684e-05,2.557064812665532,43.41025320384745,-91.00477843148288,55.4588078593451,-0.6084706004503375,-0.9699038161149649,-0.004484603043083326,3.809625275503525,65.21739130434783,920.0,44.181444068749045,0.04802330877037939,52.14404959502695,3.372408839715104,0.0,31.819095999999995,0.00944051265581254,31.809999999999995,31.830000000000005,7.0870573357321145e-06,0.020000000000010232,-0.02000000000000668,0.4425706193749841,3.84338217631516
19,498,1327.112,1332.108,0.0,0.0,0.0,0.0,0.0,0.00045285927830073246,0.12446832321488321,-0.1802691292124952,0.8054086316894671,3.779714376704653,17.744584465027938,66.3716814159292,904.0,42.04759208325728,62.83311228962003,100.0,50.0,0.3251538342521331,0.0019655419560238646,0.3213551504106694,0.3283292662535612,-0.2511464623585618,-0.8394718052611951,0.3266226185036062,5.650069250482014e-06,-1.3520391750069915e-08,2,0.4,0.0010598869227601837,0.0017107771093591295,0.0005029804189542508,0.0011829911921526076,1.543828184191693e-06,6.0949868636659446,0.03520608897661809,6.032957170364919,6.158302782301563,0.023986708561764238,-1.153367058909797,6.148900513586824,6.181347820810228e-05,-1.502525665274575e-07,0,0.0,0.0,0.0,0.0013606095207474905,0.0015300101693051184,9.728431662112419e-06,-1.297135565820208,45.70960698679605,-91.00477843148288,55.4588078593451,-0.45818986537957396,-1.2177211109160084,-0.0007417471495445011,3.6172849278812778,65.21739130434783,920.0,36.66060555964672,0.03984848430396382,53.34939965115726,1.5386764121716314,0.0,31.817167999999995,0.009411949728100931,31.809999999999995,31.83,-2.2053533474260627e-05,0.020000000000003126,-0.019999999999999574,-0.49685008095737215,1.1542901115813748
19,499,1329.612,1334.608,0.0,0.0,0.0,0.0,0.0,-0.0016198675826651567,0.11577672043714239,-0.1492814755865135,0.8380208221151602,4.0591703715293415,21.284196586074703,65.78947368421052,912.0,50.91168824543142,72.07403600927776,92.0,66.66666666666666,0.3249661747438183,0.0019106717961859738,0.3216286031306255,0.3283292662535612,0.1309159588982224,-1.029486771567332,0.3262987705681763,1.983855866876823e-06,-4.862018821821787e-09,1,0.2,0.0020295352254423027,0.0020295352254423027,0.0006189015096804147,0.0015123159751991428,2.3727125919468268e-06,6.034608417213058,0.03450567906056894,5.977108608012728,6.095578691514708,0.048116125992260055,-1.2224155261358898,6.086273481547444,6.123447156285824e-05,-1.5053495274170737e-07,0,0.0,0.0,0.0,0.0014305629977129683,0.0017123229815671037,1.0823356112495627e-05,-2.9597392690924686,43.16009257959411,-87.70290489495203,54.16529583999957,-0.4160371578487455,-1.2066090734118136,-0.007538073361921976,3.739462922902436,66.07929515418502,908.0,45.60701700396552,0.05022799229511621,51.876204709357374,2.7093462411207168,0.0,31.809999999999995,3.2527623149489347e-15,31.809999999999995,31.81000000000001,1.239588574308356e-17,1.4210854715202004e-14,0.0,0.5228169756087544,0.2898214699744983
19,500,1332.112,1337.108,0.0,0.0,0.0,0.0,0.0,0.0005725703701793477,0.12044157336681113,-0.1492814755865135,0.8380208221151602,3.865675083112305,19.183026615372487,68.80733944954129,872.0,162.52999723128036,187.8084130170957,400.0,50.0,0.32607764520404253,0.0025047721590565866,0.3216286031306255,0.3290515595095588,-0.37171093408935396,-1.4614140107040117,0.32319787035067,8.811292868082093e-07,2.1869575786445327e-09,3,0.6,0.003964350759058692,0.005852975641024272,0.0022760473973682115,0.015156256226275047,7.188298913966507e-05,5.977196943196038,0.03176196486431363,5.922240101754773,6.032853195371654,0.03078184360967306,-1.1798477396841294,6.024028713332064,5.2179620380985485e-05,-1.2556246338605311e-07,0,0.0,0.0,0.0,0.0013431694765930488,0.0016870573331386946,9.59429896053974e-06,2.360914182464672,44.540128581280065,-89.50635086322973,55.18239591384383,-0.6232898313088864,-0.9958387292492623,0.003027203659645475,3.6635519006328376,67.56756756756756,888.0,103.03397497913006,0.11602925110262395,50.74943253457905,4.46751234749764,0.0,31.818927999999993,0.009781354553492565,31.809999999999995,31.83,2.3705164611315773e-05,0.020000000000003126,0.020000000000003126,-0.8625169251082535,1.2397718819737236
19,501,1334.612,1339.608,0.0,0.0,0.0,0.0,0.0,0.00047950789380677924,0.12334988730912477,-0.1447702891546364,0.7587949781844963,3.6994517638700666,16.969621260477812,64.37768240343348,932.0,47.916594202843754,70.73895673530957,112.0,50.0,0.3261652118198458,0.0024258562842869695,0.3221846126255405,0.3290515595095588,-0.3397598367503295,-1.5869704577837087,0.32676083180287735,7.970283709805235e-07,1.869744184133931e-09,2,0.4,0.0019303340578882,0.0022905980671072967,0.0008339040108006558,0.004031420211847534,6.726520889947393e-06,5.922371898842593,0.03168684663899077,5.867155267139912,5.977008943604166,-0.01403253121601423,-1.1904896278318635,5.9683392149333505,6.840841310602205e-05,-1.6315930402781034e-07,0,0.0,0.0,0.0,0.0012754535759388124,0.0015378266123138146,8.610860610209814e-06,1.7672215511059195,45.44003062092551,-93.28430565705068,55.18239591384383,-0.5801538786717335,-1.056260998944888,-0.012339786722225252,3.6714674857736656,62.65664160401003,957.6,40.65464303127012,0.04245472329915426,52.20380837096588,2.659313299257058,0.0,31.822079999999993,0.009435386374844298,31.809999999999995,31.830000000000005,-1.6743209435630272e-05,0.020000000000010232,0.0,0.8381000771772159,1.7210407994234558
19,502,1337.112,1342.108,0.0,0.0,0.0,0.0,0.0,0.00161672312570958,0.12272452205496874,-0.1712476245012184,0.8311786151114525,3.780495201925943,17.964510606306252,67.02412868632707,895.2,70.90275029926553,83.57032966310472,160.0,75.0,0.32520030619971013,0.0018087093496977058,0.3221846126255405,0.3283650116826676,-0.02923834502351468,-1.3448661898620666,0.3269942977122262,6.115441298517165e-06,-1.4729433285104267e-08,1,0.2,0.0007950335385870644,0.0007950335385870644,0.0002789886712771793,0.0006330538215876115,4.6999460033373077e-07,5.86985767320939,0.02911008634062869,5.821561994988065,5.922155138295028,0.11255417020448583,-1.1959720323657064,5.913401542371392,7.077907535163638e-05,-1.7380560271255895e-07,0,0.0,0.0,0.0,0.0013631634992102438,0.0016914508643781332,9.867475575811442e-06,-2.9492312982180477,43.98975535066009,-93.28430565705068,53.582863305637545,-0.4273812039344977,-1.1999160301673184,0.0006002591538305836,3.782092310738131,64.79481641468682,926.0,53.7152988759565,0.058007882155460586,50.606044463475236,3.205063548690301,0.0,31.81632799999999,0.01039195730092304,31.79,31.830000000000005,-1.066264234407069e-05,0.04000000000000625,-0.03999999999999915,-0.5273527336433926,2.2293122716402536
19,503,1339.612,1344.608,0.0,0.0,0.0,0.0,0.0,-6.086511354951334e-05,0.11745129015696573,-0.1712476245012184,0.8311786151114525,3.8451014974281423,19.354606322971378,69.50880444856348,863.2,193.83291774102767,180.76504086797314,496.0,100.0,0.3251258530618646,0.0025978089572292334,0.3209982517821794,0.328677480497751,-0.3996615900092761,-1.3171426366035865,0.3231066838982267,4.319546838090151e-06,1.0267548768587804e-08,2,0.4,0.005125551189917726,0.005568239137526909,0.001963555699528709,0.012408008715211067,5.005722108967581e-05,5.822037948984592,0.026526871809934672,5.774792278420941,5.867079636310824,-0.038153089310839876,-1.1226388808415033,5.858699026913008,4.813238743031458e-05,-1.1997444941899663e-07,0,0.0,0.0,0.0,0.0014681028029942076,0.0021441092772770285,1.1701654184797638e-05,1.4505445865921862,44.48196051494168,-94.86827541873213,58.60206879707988,-0.588548104496017,-0.9644116478884639,0.001551254866312029,3.9282913964288872,67.87330316742081,884.0,71.10555533852471,0.08043614857299175,53.34565023051427,5.081743569929015,0.0,31.807176000000002,0.013914885676994896,31.79,31.83,-2.7322784846564014e-05,0.03999999999999915,-0.01999999999999602,0.624726863839755,1.6355012811426661
19,504,1342.112,1347.108,0.0,0.0,0.0,0.0,0.0,-0.0016392194316064905,0.11696993960699577,-0.1532591915776044,0.7798585027597877,3.7411059326820832,18.538206451203383,70.82152974504248,847.2,70.84631253636283,110.03635762783135,180.0,75.0,0.3255227760911628,0.003952571088525305,0.3209982517821794,0.3352103416494669,0.7613901584333975,-0.30238594223088766,0.3274601970746303,6.7491195753537835e-06,-1.6368166463228467e-08,2,0.4,0.004478116012983174,0.007755261615093434,0.0019787904233475326,0.004489301953343229,2.3596384575921414e-05,5.776568170996229,0.026240206311672367,5.732914071572434,5.821484121732177,0.06872420256346387,-1.2433269306932229,5.813218219841108,4.325214726850677e-05,-1.069984111705769e-07,0,0.0,0.0,0.0,0.0014124822327992255,0.002054056438917961,1.0824819474263077e-05,2.9327402510194687,45.070940605774545,-94.86827541873213,58.60206879707988,-0.6481473519082738,-0.9352666384169046,0.00030742515917209223,3.8369782411458364,65.21739130434783,920.0,74.56540752922899,0.0810493560100315,54.016320810213806,3.23722553335368,0.0,31.806888,0.01405979773184023,31.79,31.830000000000005,2.8133465685472443e-05,0.04000000000000625,0.019999999999999574,-0.3219440831952101,5.604138440694655
19,505,1344.612,1349.608,0.0,0.0,0.0,0.0,0.0,0.0009407052328963271,0.12591326903871453,-0.1567102907735639,0.7798585027597877,3.574672634959525,16.22253857765864,68.99724011039558,869.6,42.67083312990268,70.9365914038728,112.0,50.0,0.3257825504906533,0.0036353536903992083,0.3211457412178202,0.3352103416494669,0.9355959613461463,0.1675398883531627,0.32224213108710364,6.483219518087237e-06,1.5508624420239203e-08,4,0.8,0.005232983417581896,0.012969622574165451,0.003563442995241548,0.01802985892084523,0.00012846012468278593,5.733115682581728,0.02395838883542674,5.691113344897605,5.774724895267688,0.011047686121547553,-1.1780599307801813,5.766543924928713,5.2320599474668616e-05,-1.2746063853782287e-07,0,0.0,0.0,0.0,0.0013713660226318373,0.0018567039566147565,1.009715417714562e-05,-0.48090925340418544,44.29931159986473,-90.57091074838137,53.85744752586542,-0.5475443669121006,-1.1421009828768807,0.008025705360168878,3.6807140189065835,68.30601092896175,878.4,48.87535166113897,0.05564133841204346,51.518534721092315,2.142702866615145,0.0,31.812887999999994,0.00926629125168227,31.79,31.830000000000005,-3.900725696458007e-07,0.04000000000000625,0.019999999999999574,0.32086760313367607,0.6912291814338261
19,506,1347.112,1352.108,0.0,0.0,0.0,0.0,0.0,0.00201877853465934,0.12453441670209757,-0.1567102907735639,0.7793697911794477,3.616015729121147,16.510062335227587,69.83240223463687,859.2,44.488200682877704,58.82176467941097,120.0,50.0,0.3245408164056988,0.0021521890654284496,0.321068415407598,0.3275631978445032,-0.11237907165411429,-1.422138621666708,0.3262850520390595,4.304961927175681e-06,-1.0412994715130508e-08,2,0.4,0.0010565218190616843,0.0012710886331283588,0.00042001425478175875,0.0011809472261579443,1.1613283257223458e-06,5.689295052141736,0.026518687572605372,5.64220594886747,5.732850646113581,-0.10746595795526614,-1.251769250171216,5.724702655792289,7.388951966138136e-05,-1.816290034399659e-07,0,0.0,0.0,0.0,0.0013436847772658547,0.0017599757745759988,9.650957249897083e-06,-1.710268052462692,45.268291209819125,-88.94958265862618,58.01356276915416,-0.4816735399091949,-1.1656626918943516,0.006792643347174936,3.6998890323821705,69.31608133086876,865.6,26.32109420217936,0.03040791844059538,52.89798819063174,3.897087174384859,0.0,31.805087999999994,0.00839579778718111,31.79,31.81,-1.7762581608013334e-05,0.019999999999999574,-0.019999999999999574,-0.03491525694396211,0.5163209037681185
19,507,1349.612,1354.608,0.0,0.0,0.0,0.0,0.0,0.0008113193481294755,0.12322105932547607,-0.1527129939046182,0.7750912146801212,3.667283573292779,16.983360091493008,70.6880301602262,848.8,20.668817092422103,25.69046515733026,52.0,0.0,0.32390739666052976,0.0020695658080096078,0.321068415407598,0.3271237957209722,0.12173425838666677,-1.5551296148085874,0.321144583601367,4.443219899506776e-06,1.0582687374836657e-08,3,0.6,0.004443187769073875,0.0059812356633418,0.002067335723253085,0.013819453622985003,5.955504421407041e-05,5.642529980899872,0.02751296934341598,5.5958885426920455,5.691049505054974,0.010205508331339118,-1.1678371431317023,5.6825245839053125,5.420591892036321e-05,-1.2737418213187992e-07,0,0.0,0.0,0.0,0.0014267233519141935,0.0018463874839631275,1.0863789285631635e-05,-1.0637661698024148,44.26124236398774,-88.94958265862618,58.01356276915416,-0.4922563343182432,-1.1466289890004635,-2.7530840453148268e-05,3.7854462638032524,69.12442396313364,868.0,23.664319132398465,0.027263040475113437,53.553335041489,3.141931573006245,0.0,31.801927999999997,0.009459178541642856,31.79,31.81,3.400061056038488e-06,0.019999999999999574,0.0,0.3520345776503492,1.563606197092568
19,508,1352.112,1357.108,0.0,0.0,0.0,0.0,0.0,-0.0009650102889807376,0.12325456682152731,-0.1521070993323916,0.8185559208875388,3.725627199927692,17.441592843703994,71.97696737044146,833.6,20.51341024793294,29.5296461204668,48.0,0.0,0.32514631584627895,0.00324507983712068,0.3211843762891478,0.3333482175429237,0.7164166329552627,-0.22276568538854313,0.3258757115160511,5.361778392879162e-06,-1.2902229091108654e-08,2,0.4,0.004209583205481121,0.007476525152556757,0.0018656408868542164,0.005164480189669801,2.2751440555840262e-05,5.594065501854428,0.02879710868220789,5.5445990608621685,5.64214759168286,-0.046195806797975136,-1.2105302568608312,5.6337391735269815,7.550331182092428e-05,-1.8659708299127156e-07,0,0.0,0.0,0.0,0.0015157497259046095,0.0021601400422081147,1.2425762399776791e-05,-0.9701125059220836,41.879704501070115,-84.40003277625682,56.09491570264895,-0.5423261743946087,-1.0800136809960912,-0.006578733828668099,3.8303170602340306,74.07407407407408,810.0,91.48551797962342,0.11294508392546102,49.04889130405219,8.01922308810425,0.0,31.802855999999995,0.00908434630395951,31.79,31.81,-8.603141505644479e-07,0.019999999999999574,0.019999999999999574,-0.6600707312942595,2.097106703632619
19,509,1354.612,1359.608,0.0,0.0,0.0,0.0,0.0,-0.0008385338456362089,0.12317332989312993,-0.1609065876544118,0.8185559208875388,3.8429228370417747,18.09952844226503,71.09004739336493,844.0,66.9925368977769,67.97058187186572,180.0,50.0,0.32565160738781124,0.0029449315929798606,0.3218151419780593,0.3333482175429237,0.9474894887823669,0.08028529536894435,0.32166395022875294,6.893503673233727e-06,1.6509916759063067e-08,2,0.4,0.0066977992496315975,0.011680988069479592,0.0029442611457066634,0.019928167037841834,0.0001228157418667565,5.547873897850813,0.024928084167142622,5.514372063153518,5.595819193304566,0.30201711336499176,-1.1329992635220787,5.587351929143271,7.659865969019021e-05,-1.8598099770902112e-07,0,0.0,0.0,0.0,0.0013837397231848635,0.0017822263499718254,1.0213100620827936e-05,0.6733062759766454,39.42530165603784,-84.40003277625682,56.09491570264895,-0.5946566254586884,-0.9815946907063586,-0.002194345825023048,4.058362700990778,76.27118644067797,786.6666666666666,76.3430852577145,0.09704629481912862,44.940350042199235,7.285628698873067,0.0,31.803168,0.008977247036717567,31.79,31.81000000000001,-6.19483532465953e-06,0.020000000000010232,-0.01999999999999602,0.18720025993357764,5.181139047313039
19,510,1357.112,1362.108,0.0,0.0,0.0,0.0,0.0,0.0010191922491512575,0.11864764944962357,-0.1609065876544118,0.7863610211852774,3.909529567246167,18.89156960680673,66.3129973474801,904.8,61.79967637455717,98.83319280484669,140.0,75.0,0.3251482415707425,0.002034423943313778,0.3224837436446187,0.3317530649853463,0.45822552394807,-0.78931436965508,0.3318397849172331,1.4518196104837654e-05,-3.4889187384964734e-08,0,0.0,0.0,0.0,0.0,0.0,0.0,5.538621811383963,0.018382456690133914,5.514372063153518,5.568533846297088,0.3444934779531467,-1.2423169439691606,5.537165706436081,5.0418718724581095e-05,-1.2595273920383588e-07,1,0.2,0.031410047835271904,0.031410047835271904,0.012006898737803345,0.042705913515983615,0.0010862672922676527,-0.4051470425238944,40.130218477349835,-87.26622543767802,55.2042833554978,-0.5163205945860796,-1.0676658919146047,-0.013730082603774129,4.054603216229273,70.83825265643448,847.0,82.38931969618392,0.09727192408050049,45.98826408925492,5.4181861212012645,0.0,31.806848,0.008805842387904569,31.79,31.83,5.536320983253077e-06,0.03999999999999915,0.01999999999999602,0.13405755798932312,4.525255308954371
19,511,1359.612,1364.608,0.0,0.0,0.0,0.0,0.0,-0.0007330716866932959,0.11325285771230503,-0.143126194720866,0.7863610211852774,3.7642901081691384,18.97722300573129,67.8119349005425,884.8,128.91547618497944,91.43303560529968,304.0,75.0,0.32412927025408617,0.002550911159264427,0.3205503849537173,0.3279458719965294,0.12138187966187682,-1.5411995461785717,0.3258324756766702,2.1969160382997845e-06,-5.504390983383622e-09,2,0.4,0.0018230718248811173,0.002109257567903533,0.0007166582230418001,0.002301801803831118,3.627376126826093e-06,5.552554600400537,0.013546183625587129,5.516760261181721,5.568533846297088,-0.8460990801313788,-0.13807219807856352,5.512169092752983,3.530376532532887e-05,8.690375717186277e-08,1,0.2,0.05635219091123744,0.05635219091123744,0.01352260565191847,0.20186803037138926,0.009068519014385433,1.08236005720564,40.57773890223526,-87.26622543767802,53.46369839259027,-0.5709435761864602,-0.9738994546834538,0.005750430044304734,3.9647375614688545,69.12442396313364,868.0,119.3984924527944,0.13755586688109955,45.799728799228355,10.57186877169451,0.0,31.812815999999998,0.009219222804976196,31.79,31.83,7.385113206499198e-06,0.03999999999999915,0.019999999999999574,-0.5380985971477865,1.3124890625911405
19,512,1362.112,1367.108,0.0,0.0,0.0,0.0,0.0,-0.002348707537016743,0.12514977721598192,-0.2042462734268331,0.8665547649201297,3.794872084727263,18.826934264134696,72.67441860465117,825.6,104.71294093854875,162.56690930198556,280.0,75.0,0.32365584954133597,0.0024998960414681862,0.3205503849537173,0.3274239538331771,0.3321099235599708,-1.5895564132793474,0.322254138429978,1.321567256440211e-06,-3.1550106172477155e-09,2,0.4,0.004995283510522669,0.005170766186931519,0.0021046128407947516,0.009102613086936825,3.870230191467371e-05,5.535317797572799,0.021805720346486163,5.496831456099342,5.566607021230556,-0.2177955611364156,-1.2561889674072382,5.559128621792422,6.269116124655067e-05,-1.554902491549914e-07,0,0.0,0.0,0.0,0.0018474170179172374,0.003970656442456542,2.0227572021157154e-05,2.1350394428934734,39.909876861891696,-82.86555823420477,53.46369839259027,-0.5801304268300912,-1.0037297599584865,-0.004497352974080807,3.8626106538460903,65.38796861377506,917.6,84.40853037460136,0.09198837224782187,49.21473642092684,4.170858882921531,0.0,31.813119999999994,0.0070322615953991,31.809999999999995,31.83,-1.2620705677209602e-05,0.020000000000003126,-0.019999999999999574,-0.4111620500812692,7.286449990876108
19,513,1364.612,1369.608,0.0,0.0,0.0,0.0,0.0,0.00010996759136097398,0.13184937668805527,-0.2042462734268331,0.8665547649201297,3.8643011555932896,18.42655097871599,66.90454950936665,896.8,108.49516118242325,72.60853944268538,232.0,50.0,0.3248447780070507,0.0022627807435783662,0.3211073247275404,0.328015263678323,-0.17367067397420427,-1.41840691337545,0.3253324678433549,1.9163880837440994e-06,-4.739161878278377e-09,3,0.6,0.002170385679303314,0.0026843242534091982,0.0009475462570155031,0.0039755509768614646,7.657004758203805e-06,5.524531113466513,0.021677226758924938,5.496623012136193,5.566383030202513,0.4991231916039576,-0.900940331254453,5.529383776547913,3.398502296029386e-05,-7.891366376826464e-08,0,0.0,0.0,0.0,0.012172656933353407,0.03536933291723351,0.000991740658579764,-0.4785611341858996,41.38979775779298,-81.34834729800927,56.35573615959812,-0.45185968851358277,-1.1749242695569404,0.010105493251013481,3.7701234055322494,69.25207756232687,866.4,101.80766179418914,0.11750653485017215,50.525234601529384,4.397289545971304,0.0,31.809999999999995,3.1947705754750492e-15,31.809999999999995,31.81000000000001,1.239588574308356e-17,1.4210854715202004e-14,0.0,0.6702455163531572,2.3475280529602287
19,514,1367.112,1372.108,0.5584,4.0,0.0,4.0,3.0,-0.00026470717478571974,0.11774283155195012,-0.1580159616050756,0.8163904213562876,3.9978942425612676,20.613334328726964,64.59948320413437,928.8,89.50530710522142,61.02458520956943,208.0,75.0,0.32342433840918094,0.0026705063287384583,0.3188042238363016,0.328015263678323,0.224175972161652,-0.870346563393916,0.3209640552711983,4.307173168609519e-06,1.026320314622549e-08,2,0.4,0.004898270353469847,0.007049386676568237,0.002368818497647551,0.013423654885091306,6.408888964175989e-05,5.543907203599742,0.022414809064083118,5.496623012136193,5.566525364943099,-0.9406366939046733,-0.39519074707008395,5.4936433578249675,3.709548019012975e-05,8.757110042803481e-08,1,0.2,0.07286019807949717,0.07286019807949717,0.02238147755954158,0.2512328384528521,0.01513491992694211,-1.3316182006223816,40.76550116499603,-84.87816284235016,56.35573615959812,-0.4400027304206513,-1.1244510203867848,-0.0014146969150075296,3.963138410492355,63.96588486140725,938.0,75.71877794400365,0.08072364386354333,50.26183923170368,3.5465346880817803,0.0,31.81,1.869894216405638e-15,31.809999999999995,31.81000000000001,1.239588574308356e-17,1.4210854715202004e-14,0.0,0.38611743214907945,0.6335983427271259
19,515,1369.612,1374.608,5.4924,35.75,0.0,35.75,20.650000000000205,3.802312072771485e-05,0.11471389092449664,-0.1580159616050756,0.7936858487061107,3.8416704310413485,19.349922692205514,68.43065693430657,876.8,117.11191228905794,111.80339887498948,308.0,75.0,0.3236973243218112,0.0029380651399588823,0.3188042238363016,0.3278497876374419,-0.027638009421760167,-1.4156549040059094,0.32702054984637424,8.215326399435498e-06,-1.984212928277987e-08,1,0.2,0.0007292815394838725,0.0007292815394838725,0.00023304699613449194,0.0005511581968366989,3.3244797742580755e-07,5.590731049099697,0.07670436251817356,5.528784461895823,5.805982925877441,1.5531299517997808,1.030806289913924,5.558668102236211,3.98098315422206e-05,-9.463447705671507e-08,1,0.2,0.007761235640479036,0.007761235640479036,0.07178554339166507,0.19865863267573064,0.03367882918464862,0.7705204269820649,38.467863157906436,-84.87816284235016,48.826705830911386,-0.5693074177469031,-0.979810090691454,0.010109987101199477,3.9678760950802796,63.559322033898304,944.0,53.0659966456864,0.05621397949754915,46.176773208253515,3.087270672959284,0.0,31.81401599999999,0.0075841581202714435,31.809999999999995,31.83,9.67182954998007e-06,0.020000000000003126,0.0,-0.02824674244757248,4.8713349004082644
19,516,1372.112,1377.108,30.8968,59.0,2.0,57.0,57.0,0.0018328486919096869,0.12078231493242023,-0.16003957664425,0.7638842980571356,3.610776835818996,16.60482724128553,65.50218340611353,916.0,47.07440918375928,49.839743177508446,116.0,50.0,0.3239185381440693,0.002379985693725009,0.3204270481867552,0.327743648483855,0.11500998108726782,-1.312580797451954,0.32182843873215117,3.8199812718606e-06,9.02638447554226e-09,2,0.4,0.004943984286430614,0.00591562894390768,0.002109835590780752,0.011564185637297886,4.900387674820981e-05,5.7512586350644055,0.1437901257246464,5.528784461895823,5.946134409045285,-0.4354003988747328,-1.4070765130730842,5.537034393506089,0.00015823007519520497,3.8212059503073604e-07,0,0.0,0.0,0.0,0.14236776209232244,1.0744922803753278,0.33252024734101243,1.4310751185780755,37.43986454235528,-79.32321869473418,49.578664105739456,-0.5484294506199179,-1.0581277011154442,0.00019843790281262846,3.874663898673459,65.55944055944056,915.2,45.02443780881667,0.04919628257082241,45.698357431047704,2.7527705725190197,0.0,31.823015999999992,0.009002842254175799,31.809999999999995,31.830000000000005,1.4136605527444414e-05,0.020000000000010232,0.019999999999999574,-0.5354396316440291,0.05725715332702919
19,517,1374.612,1379.608,55.9544,62.0,36.0,26.0,61.0,0.001019875191004503,0.12175776092027688,-0.1783305260871701,0.7821566065355141,3.6504291498173527,16.809610621639884,68.18181818181819,880.0,36.98648401781386,58.412327466040935,84.0,75.0,0.3229317273130504,0.0014816457510761914,0.3204481768252795,0.3258035080558794,0.3094555381124086,-1.1323045895248836,0.3206362552118051,2.329639253156568e-06,5.568987708750051e-09,4,0.8,0.003066034603377593,0.0051673352579431064,0.0014731343750427586,0.01149752210369661,3.729595455907086e-05,6.068347876229222,0.2305333959012409,5.806421810579908,6.511480408109887,0.6504423566352869,-1.1489438245455665,5.802486417884651,0.00014605306354204656,3.521646838198719e-07,0,0.0,0.0,0.0,0.23043392139548052,1.3278808049894195,0.6186981366454813,-1.5288713447608435,37.91166578328509,-79.32321869473418,49.578664105739456,-0.40331428436344047,-1.225505245694738,0.007516115618226698,3.8317914475138974,67.75067750677506,885.6,31.317726609701413,0.03536328659632047,45.860150464285404,2.1623953683622923,0.0,31.822023999999992,0.009450392302268726,31.809999999999995,31.830000000000005,-1.7242112794929347e-05,0.020000000000010232,0.0,-0.18301761455707416,0.4311406750431246
19,518,1377.112,1382.108,48.2156,63.0,0.0,63.0,62.0,-0.002321581393723892,0.11367239549509207,-0.1783305260871701,0.7919302154673742,3.9409124443545025,20.28777769383767,63.424947145877375,946.0,84.94704232638121,72.4798822662767,172.0,66.66666666666666,0.3245396680300313,0.002114423798643995,0.321538111509949,0.3277889145390354,0.11782415304826767,-1.429399937384522,0.32269962350189696,5.553336902331463e-17,1.3439751412454336e-19,2,0.4,0.003671236859351029,0.005089291037138399,0.0018715677521868922,0.010234909521355048,3.8456023755926085e-05,6.405135306799351,0.19165576736217155,5.94675492187832,6.572450455823301,-1.0570190522975509,-0.260277515135348,5.961309062088473,0.0005235282512100561,1.260420620057426e-06,1,0.2,0.6107588895698255,0.6107588895698255,0.19088066229698827,2.2185879378836577,1.1674242859901898,-1.7378366065678754,37.981868217583255,-76.93909588145159,46.93788147071565,-0.4488194657753847,-1.1675381510310163,-0.0027463710158389678,3.7193973526086,68.18181818181819,880.0,38.36665218650175,0.04359846839375199,45.597176116225874,1.5804029636640184,0.0,31.818031999999995,0.009114655097701024,31.809999999999995,31.830000000000005,-1.927988433917732e-06,0.020000000000010232,0.0,0.33904536075213865,4.7568710359408115
19,519,1379.612,1384.608,18.224,63.0,0.0,63.0,61.99999999999999,-0.0012293135869760597,0.11663570827554766,-0.1627644869757298,0.7997639416521296,3.852878543826228,19.44215562839374,67.87330316742081,884.0,105.33755265810954,160.5490579231158,276.0,100.0,0.3243263985100729,0.0024422448406272316,0.3207772262737149,0.3277889145390354,-0.0794520321780663,-1.51239086439202,0.32162920498002256,5.186058033303551e-06,1.226036390233449e-08,2,0.4,0.005048538587523632,0.006161904857572675,0.002292947856836162,0.014060718067868811,6.584608806814332e-05,6.484383480835859,0.07508854310929026,6.339602773791902,6.572450455823301,-0.4541204592463473,-1.1929662577005744,6.501601873077539,3.7695181068009386e-05,8.608618284378972e-08,1,0.2,0.07087190471608995,0.07087190471608995,0.0278213240895406,0.1203220152763504,0.006763516840941522,0.9543649581059295,38.90584495362291,-84.76844985399322,49.09550650934777,-0.5784962686675761,-0.9903863767396066,0.0039457127553515665,3.9275072448484285,66.72597864768683,899.2,157.31242798965377,0.1749470951842235,42.75345780259107,8.263903213265834,0.0,31.82500799999999,0.008082174174401012,31.809999999999995,31.830000000000005,1.0332494292787138e-05,0.020000000000010232,0.019999999999999574,0.5050346179795652,1.147324519733985
19,520,1382.112,1387.108,0.0,0.0,0.0,0.0,0.0,0.0014766356353841344,0.1242989935003714,-0.1627644869757298,0.7997639416521296,3.550227840711684,15.957560458086274,68.74427131072412,872.8,66.29630457272863,79.27168473042566,160.0,75.0,0.32213369544072973,0.001501766023527612,0.3203445942308885,0.3255680930546316,1.1125050571386002,0.02090487667123231,0.3223064862312745,1.154126367341096e-06,-2.877645504892631e-09,1,0.2,0.0032619442738738846,0.0032619442738738846,0.001047460468745229,0.002701029758504377,6.940811416572682e-06,6.348848216533698,0.0817402178289836,6.224565793645825,6.505761315764507,0.24349670726788175,-1.1626344858984305,6.493213933198944,0.00018004547617892774,-4.3547231661824845e-07,0,0.0,0.0,0.0,0.001247694608345303,0.0009542087003519076,7.968881277696415e-06,1.0466573593904207,40.28240685745052,-84.76844985399322,49.527323937546896,-0.5223613716427721,-1.094641451438737,-0.004363725651090933,3.772009858731425,65.10416666666667,921.6,52.199616856831426,0.05664020926305493,46.41528551276716,2.8300265862127287,0.0,31.825031999999993,0.008030757801333924,31.809999999999995,31.830000000000005,-1.0205385091452177e-05,0.020000000000010232,-0.019999999999999574,0.08866800633247224,3.6401046440574447
19,521,1384.612,1389.608,0.0,0.0,0.0,0.0,0.0,0.0004922657231365054,0.12341368551934971,-0.1553737128975352,0.7863302292659281,3.6891451689946795,17.06481315258718,68.6184812442818,874.4,48.216179856973326,49.759421218498915,128.0,50.0,0.3226521052130757,0.0015482750815900132,0.3203445942308885,0.3254695303464064,0.3508544995284125,-1.2233441778321734,0.3243005674857141,5.764211896750915e-06,-1.3981574070900098e-08,2,0.4,0.0006649975817914211,0.001173373455145288,0.000304978845025769,0.0006115398065962678,5.400326675779004e-07,6.230595296579433,0.05611261745780455,6.143619387216488,6.339407760421836,0.2518346367567677,-1.1117147108461545,6.328241936467869,0.00011787684187226017,-2.8599189623478687e-07,0,0.0,0.0,0.0,0.0013098687664570246,0.0011904899501591101,8.86577648261161e-06,-1.1723609711842882,39.665581501514495,-80.45842265470355,49.673059460286765,-0.41685202549901357,-1.2262380512228086,0.0037126865991537095,3.708640651226256,67.87330316742081,884.0,59.464274989274024,0.06726727939963124,46.50995704281029,3.0657136710207027,0.0,31.818112,0.00913741991312817,31.809999999999995,31.830000000000005,2.1344474460450903e-06,0.020000000000010232,0.0,-0.5796829838774099,0.7451780768609808
19,522,1387.112,1392.108,0.0,0.0,0.0,0.0,0.0,-3.7554120220150546e-05,0.12432928659810145,-0.1484027582758219,0.7863302292659281,3.73891301018293,17.34257212856043,67.32495511669659,891.2,35.372305551094634,46.73328578219169,96.0,25.0,0.3226435995601792,0.0018708988041343632,0.3192768753697214,0.3254695303464064,-0.20281611633730748,-1.2320149157428542,0.32099153427599514,2.396478848287901e-06,5.685452884453017e-09,2,0.4,0.003969524236317273,0.004476902627100265,0.0015709520143512197,0.009324178307988682,2.9748597604945615e-05,6.149978918478469,0.037374909899378826,6.108428651451344,6.224430630086237,0.4427917282876529,-1.1803764188758492,6.214490392206013,9.588298177551451e-05,-2.3388993499061944e-07,0,0.0,0.0,0.0,0.0013203567546077781,0.0013813972153525072,9.102148731120485e-06,-1.3645337764174263,39.24179059417623,-78.9203627948648,49.673059460286765,-0.41986616113323083,-1.245067543948766,-0.007410685603451927,3.6971064570487204,67.49156355455568,889.0,46.23130252689549,0.052003714878397625,46.25512631484141,2.7370401486910563,0.0,31.822199999999995,0.009433612276658431,31.809999999999995,31.830000000000005,1.7692918843493336e-05,0.020000000000010232,0.0,0.2969904041419294,0.16660843785909663
19,523,1389.612,1394.608,0.0,0.0,0.0,0.0,0.0,-9.183260888494295e-05,0.12873047294933074,-0.1961189411370477,0.814081568025702,3.6356810439058185,16.357105251957986,74.1962077493817,808.6666666666666,102.89930352857917,109.87993447395206,292.0,40.0,0.322972900897095,0.0020782212577050126,0.3192768753697214,0.3258047914407337,-0.3401808640469982,-1.3074103731974716,0.32460777489279724,6.046716750568579e-06,-1.45922419893103e-08,2,0.4,0.0010413829770785088,0.0012007759583472777,0.00035581840586862206,0.0009432820885847563,8.107966064364e-07,6.100311523508054,0.022648188713108988,6.048747932344377,6.143496164642857,-0.47911814850176276,-0.4703688762968463,6.1350483405038965,7.49293325392729e-05,-1.8144347822502865e-07,0,0.0,0.0,0.0,0.0011036343993370997,0.001133508491345454,6.3496608611734e-06,0.18162660718072948,39.08825060523894,-78.9203627948648,50.85309925276977,-0.45560251953889436,-1.2131163461712402,-0.0024622477538929328,3.7305454607366904,70.35647279549718,852.8,71.2404379548582,0.08353709891517143,46.23877972417532,4.3595140554902745,0.0,31.826015999999992,0.0075587794614818465,31.809999999999995,31.830000000000005,-2.123920719295651e-06,0.020000000000010232,-3.552713678800501e-15,-0.1871752387195513,3.8397349538845162
19,524,1392.112,1397.108,0.0,0.0,0.0,0.0,0.0,-0.0004233424226709583,0.13320364685934205,-0.1961189411370477,0.8609516156781447,3.673131998664265,16.98671045542772,77.78738115816768,771.3333333333334,82.14783421774834,94.69107666512194,248.0,40.0,0.32302162233849196,0.001962143312396431,0.3202278741444182,0.3258047914407337,-0.09801117782879509,-1.6531091634394444,0.32422812477102925,1.4697959554864228e-06,-3.5676537462355736e-09,3,0.6,0.0011243596642481386,0.001573564393656024,0.0004969126939832391,0.0016153811291665819,1.7567954351166929e-06,6.060950076748002,0.030831955546471865,6.015969058777868,6.11727140218613,0.06897521590380475,-1.3382633559366346,6.100316036951774,7.454940954264376e-05,-1.7920907264738834e-07,0,0.0,0.0,0.0,0.0025115288981897806,0.004461561088761945,3.558989268173558e-05,-0.19548477746404805,37.42678105567141,-80.23264262562763,54.10011396607179,-0.44354675107740493,-1.060089446106836,-0.013968499176563174,4.1522802466330955,71.56488549618321,838.4,66.00606032782142,0.078728602490245,48.90444347208757,4.0550514828736555,0.0,31.82291999999999,0.009010791831243769,31.809999999999995,31.830000000000005,-9.85815670888445e-07,0.020000000000010232,0.020000000000003126,0.8733170223545221,6.222495661984468
19,525,1394.612,1399.608,0.0,0.0,0.0,0.0,0.0,-0.001018111621693892,0.12250888844100763,-0.1922053673758513,0.8609516156781447,3.9024181261491138,20.36559348181464,72.32401157184185,829.6,211.86033135063298,169.6702684620968,516.0,75.0,0.3214924933416679,0.002934722220208183,0.3146600585081985,0.3249952008154012,-0.6275336137875375,-0.36790089785215985,0.32017742257252785,1.2674798398385721e-06,2.932952782963522e-09,3,0.6,0.0035011461144697034,0.004816916087963141,0.0019309639524333268,0.009871936082556328,3.8120570885168234e-05,6.1491234905900125,0.11908247394048771,6.015969058777868,6.312828654586999,0.22708524346987563,-1.6846477040124321,6.043385791999836,1.951949651713219e-05,4.8833744715683585e-08,1,0.2,0.2694266808450392,0.2694266808450392,0.11288503807572194,0.5581659671425954,0.12609585935353926,-0.3208514447987154,38.59549709652336,-87.5892079073272,54.10011396607179,-0.525182390868774,-0.8886636603500713,-0.00220572037192087,4.30877401923179,74.92507492507492,800.8,54.94724742878391,0.06861544384213776,49.31493445494383,4.538294835942853,0.0,31.826023999999993,0.0075276177486665,31.809999999999995,31.830000000000005,5.531190739957581e-06,0.020000000000010232,0.0,-0.27838241005782377,2.601063353233073
19,526,1397.112,1402.108,0.0,0.0,0.0,0.0,0.0,0.0005151338294897462,0.12150348146319428,-0.1381418778898457,0.8346787485021032,3.9059535613217733,19.955312270323194,66.7853962600178,898.4,104.17677284308628,137.11309200802089,268.0,25.0,0.321323142451705,0.0028576399247895743,0.3146600585081985,0.3249952008154012,-0.6624467988142848,-0.3554258667121979,0.3239076082045382,5.191986531646319e-06,-1.269737338972797e-08,1,0.2,0.0010818768137047519,0.0010818768137047519,0.0003568882608311274,0.0009342375294828967,8.113404330197503e-07,6.262136974277535,0.04618177460551357,6.117967638570869,6.312828654586999,-1.0087850265930713,0.5433579859300046,6.11485166646637,0.0002234187432966836,5.35014216760502e-07,1,0.2,0.19788723302998878,0.19788723302998878,0.046037250728348925,0.7362220754310816,0.1190534740444545,2.109917420569143,35.63228769969963,-87.5892079073272,52.384543607299314,-0.7133516172957438,-0.5729309093971446,-0.005118306991042917,4.554796227417003,65.21739130434783,920.0,74.18894796396563,0.08064016083039742,43.086605553961924,7.930343245872324,0.0,31.821095999999997,0.009803232068807111,31.809999999999995,31.830000000000005,-2.369788396661604e-05,0.020000000000010232,-0.019999999999999574,-0.7306472047439556,1.568004955669977
19,527,1399.612,1404.608,0.0,0.0,0.0,0.0,0.0,0.002535401666099666,0.1295282385570298,-0.1595316106593981,0.8106127668603749,3.650767135922583,16.44889036595674,68.24385805277525,879.2,37.56594202199646,30.854497241083024,104.0,0.0,0.32103540612292686,0.0016140196893537333,0.3183179393375709,0.3242445750018337,0.14731648160047028,-1.0131911898103734,0.3192116753489409,2.306348349019616e-06,5.535558739203641e-09,4,0.8,0.003157582600036679,0.005031510765333869,0.0015132241371891958,0.009471593221626795,2.9399400770316657e-05,6.2176077772660765,0.05397605870732197,6.135951280086279,6.310744188046789,0.1794785387936973,-1.2730517387945037,6.299416668897725,0.00010060520860721751,-2.4388210638375696e-07,0,0.0,0.0,0.0,0.0019418975741045095,0.0025226158196950477,2.0134839233394954e-05,0.2757610529088837,30.364565279268902,-73.46689918092363,42.27280364326752,-0.5968600798750192,-0.8288042698362528,-0.0014883640682509514,4.3897933170622725,64.99133448873484,923.2,53.76988004450075,0.05824293765652161,36.64695720581026,4.266997483220998,0.0,31.814071999999996,0.007666444701948458,31.809999999999995,31.83,7.180241395367202e-06,0.020000000000003126,0.0,0.17330312222111857,3.252523564040416
19,528,1402.112,1407.108,0.0,0.0,0.0,0.0,0.0,-0.0002760904285958791,0.1289226516341815,-0.1595316106593981,0.7874182649109411,3.7688659522455885,17.118721037343864,69.63788300835654,861.6,30.146309890266835,34.292856398964496,80.0,0.0,0.32145357925269374,0.0020643022765810173,0.3167588831140117,0.3245893928555416,-0.23838174509583915,-1.0282015950576353,0.3222163689535003,3.546785713109814e-06,-8.656667455556114e-09,2,0.4,0.0021979743810316976,0.002375775414573844,0.0007681078292126667,0.0027226919582363637,4.432301440126707e-06,6.139162020316272,0.03711018083143411,6.080300664945389,6.213329837340358,0.22476915479170242,-1.0260291649977746,6.20350184451775,9.527701107461613e-05,-2.3397148089610855e-07,0,0.0,0.0,0.0,0.0012375963430567294,0.0011997299307221479,7.949217840666792e-06,-1.1176560850365302,33.42422084760489,-74.79539377362585,48.07572428079703,-0.5327045260597353,-0.9825861317909999,-0.00010041624507297437,4.2290695330266646,69.57328385899815,862.4,40.65464303127012,0.04714128366334661,40.4275401821163,5.902024424898779,0.0,31.818927999999993,0.009425732488085913,31.809999999999995,31.830000000000005,1.5866972074843183e-05,0.020000000000010232,0.019999999999999574,-0.12465681771114076,0.0645991493583864
19,529,1404.612,1409.608,0.0,0.0,0.0,0.0,0.0,-0.0026607391736693776,0.12482999741014746,-0.1353913642065925,0.7874182649109411,3.9994093604928933,19.541276933394414,68.18181818181819,880.0,109.5810202544218,138.78040207464454,268.0,50.0,0.3218804052755382,0.0029825481467222505,0.3167088736520258,0.3290486176866263,0.36743958278727573,-0.25784223630572445,0.32070436821179277,1.0883648756064993e-06,2.5574496583552083e-09,2,0.4,0.006114211917718354,0.008343474421718733,0.0022197633797384868,0.009395809193532483,4.230493451252172e-05,6.080814024545991,0.03183966248546032,6.024196467991647,6.135875959588197,-0.01557844846681773,-1.098766132600892,6.126621081880679,4.671736144830092e-05,-1.1192476052810757e-07,0,0.0,0.0,0.0,0.0015943261033084394,0.0021750629622646206,1.3661322284596134e-05,-1.39102756609558,37.82066412397264,-77.89816921878239,48.07572428079703,-0.5228831466354689,-1.1356920353257953,-0.008456697941260973,3.7902355158667005,73.09941520467837,820.8,90.52734393540993,0.1102915983618542,41.80932991741286,5.761801427640669,0.0,31.82595199999999,0.007609317459504503,31.809999999999995,31.830000000000005,1.344326492370866e-05,0.020000000000010232,0.0,-0.1446703109802242,4.917597022860178
19,530,1407.112,1412.108,0.0,0.0,0.0,0.0,0.0,0.001144768218300131,0.12970427039379753,-0.1586993920879462,0.7818643681842068,3.6843237634058075,16.471686057475388,73.11129163281885,820.6666666666666,87.97878532161414,139.51917430948336,276.0,40.0,0.32158708575554656,0.0028704363882386015,0.3167088736520258,0.3290486176866263,0.8247346195565787,0.1897766889776875,0.3168083213967339,6.156356045848239e-06,1.4775165825967552e-08,4,0.8,0.006471658387816423,0.012237949846944318,0.0028648719125324304,0.023895322543614428,0.00015525059728679574,6.026049013603577,0.03189631817790561,5.973428064388805,6.080236108535559,0.10869982413870093,-1.2542751099069431,6.071058247105113,6.822707124604769e-05,-1.6258902160350001e-07,0,0.0,0.0,0.0,0.0017080130942832505,0.0025736575967490473,1.5918164969316418e-05,1.0529624588955688,36.88490065251244,-77.89816921878239,44.27463405756023,-0.5853100717518239,-1.0399496772300056,-0.001318068896956416,3.744550051596628,69.50880444856348,863.2,118.70636040246538,0.13751895320026108,40.76839249256347,3.221328348193734,0.0,31.82509599999999,0.007983582403962993,31.809999999999995,31.830000000000005,-1.0046112029513904e-05,0.020000000000010232,-0.019999999999999574,-0.23952392698737535,3.6024871842553665
19,531,1409.612,1414.608,0.0,0.0,0.0,0.0,0.0,0.0019339080579446946,0.131122579170734,-0.1586993920879462,0.776310279610845,3.4772565823262864,14.561377570984959,73.34963325183374,818.0,29.366647748764244,44.75712233823797,88.0,20.0,0.3214573219474352,0.0018966376868460712,0.3183004408958548,0.3249918784001577,0.027968674369410324,-1.291872399044022,0.32467154898271416,7.0430206255459906e-06,-1.7046690673145035e-08,0,0.0,0.0,0.0,2.884286049882254e-05,1.7225083509869066e-05,4.220139083144919e-09,5.972246198534635,0.02997472074978038,5.9201743758661705,6.02410114912739,-0.06403300856129114,-1.221546379951491,6.015452547587644,7.299281116926576e-05,-1.8115120877715182e-07,0,0.0,0.0,0.0,0.0012619731459846053,0.0014525866139955212,8.38838757273222e-06,0.3627461310630442,39.09168912357899,-77.40760476699323,51.867942885471855,-0.5424051902334592,-1.0970464257148336,-0.012545737388775924,3.7458872298340116,70.88846880907373,846.4,61.877297937127146,0.07310644841342999,45.59065375265455,5.850361316760998,0.0,31.819039999999998,0.009098115159047522,31.809999999999995,31.830000000000005,-9.375545199838606e-07,0.020000000000010232,-0.019999999999999574,0.002760302994231314,2.4611644427600083
19,532,1412.112,1417.108,0.0,0.0,0.0,0.0,0.0,-0.002060398509930062,0.11454894156868961,-0.1576902279210319,0.7738005255676363,3.7710597435075477,18.598046012661072,76.79180887372013,781.3333333333334,137.67594803256912,168.0285689994413,372.0,60.0,0.32100551559782664,0.002272840352845808,0.318298022617173,0.3250702895985213,0.3339959775081207,-1.3784269999949559,0.3191525166714304,2.0721968413974085e-06,4.9195309050578965e-09,3,0.6,0.003450871526425111,0.005916601596216098,0.0020910105981805653,0.010136471679903718,4.239545760193233e-05,5.923014565874723,0.02691628240821332,5.880769971911222,5.9733491123422535,0.23290942991073996,-1.1703259468210514,5.964473154414729,7.939856546973615e-05,-1.960326862675696e-07,0,0.0,0.0,0.0,0.0014385478940654494,0.0018892318365360374,1.106580595610846e-05,-1.8046454013168012,40.15237151952939,-77.40760476699323,51.867942885471855,-0.42137358821717413,-1.2362352988334055,-0.004049118542844288,3.647968457906971,73.96449704142012,811.2,38.7195041290562,0.04773114414331385,48.11098649657189,5.88418432616955,0.0,31.818831999999993,0.009459572752481072,31.809999999999995,31.83,8.347919582665982e-06,0.020000000000003126,0.019999999999999574,0.0753980732326021,2.827311832300012
19,533,1414.612,1419.608,0.0,0.0,0.0,0.0,0.0,-0.0018003190203413639,0.11355374116386653,-0.1576902279210319,0.7738005255676363,3.8053224427979084,18.95799076088653,72.74490785645006,824.8,172.91385138270445,186.22566955175648,420.0,75.0,0.3205088242033192,0.002096859555696844,0.3179100936671504,0.3250702895985213,0.5979561581624943,-0.7477440879589206,0.324152510366471,7.2003980560366e-06,-1.744988491002412e-08,1,0.2,0.0008983840651594632,0.0008983840651594632,0.00018634293478205768,0.0002533658660510813,1.8648655035280902e-07,5.881451922797613,0.02108205006494214,5.846652864171067,5.920095271120068,0.10125056863300061,-1.1951525673784502,5.91190960886478,6.318831145669891e-05,-1.5245875549021443e-07,0,0.0,0.0,0.0,0.0013559096916301882,0.0019001477512150054,9.919431186211401e-06,2.31712301883819,37.597040998091664,-76.44475183410307,54.22269808290872,-0.5417816099436484,-1.0233156841812479,0.00013123844609954215,3.9363168892258797,69.25207756232687,866.4,49.36395446071961,0.05697594005161544,47.24230382107058,6.570465876083382,0.0,31.821935999999997,0.009443420434066152,31.809999999999995,31.830000000000005,6.197231486225354e-06,0.020000000000010232,0.0,0.2310762153227774,3.4928302941231806
19,534,1417.112,1422.108,0.0,0.0,0.0,0.0,0.0,0.0011303667017354697,0.12155126186434449,-0.1416903095081973,0.7384209778701522,3.5448453338289037,15.843069814201911,66.3129973474801,904.8,36.15522092312534,60.63002556489647,88.0,50.0,0.320017353848112,0.0017804011349714665,0.3175504836400717,0.3227902678882438,0.1393352243148198,-1.6484318412789534,0.31872976919622903,8.059253703480344e-07,1.7678572241471132e-09,2,0.4,0.0037570426234948273,0.0040599746150816185,0.0015466875385584512,0.007546407956220461,2.3342579696237645e-05,5.846229671189621,0.019300852255071967,5.813130349342703,5.880699984383267,0.05733450497075208,-1.209537216428031,5.872712725368554,6.244372376794164e-05,-1.5035753568929403e-07,0,0.0,0.0,0.0,0.0013795599855300621,0.0020830947842927954,1.0389230872897297e-05,2.6223978472740903,39.42806695017192,-80.4262878061532,54.22269808290872,-0.5908775743040393,-1.0501574247939056,3.928942066151603e-05,3.8258339789068763,66.60746003552399,900.8,38.30404678359716,0.042522254422288144,47.75794682563315,3.8204468251663477,0.0,31.82407199999999,0.009945660327487093,31.79,31.830000000000005,-6.530799699724135e-06,0.04000000000000625,-0.03999999999999915,0.13094531219795333,0.294462688043879
19,535,1419.612,1424.608,0.0,0.0,0.0,0.0,0.0,0.0019266309886530912,0.12029794281887086,-0.1362533817695061,0.7384209778701522,3.533627645658892,15.872684862155367,68.68131868131869,873.6,44.416213255972195,44.63182720884279,112.0,25.0,0.3204222122186366,0.0019660969412729386,0.3175504836400717,0.3239377691700799,0.05762724586023818,-1.5936257110094134,0.32177265029827096,4.752399767176918e-06,-1.163624160030255e-08,1,0.2,0.0010062645222950195,0.0010062645222950195,0.0005154681673731349,0.0014931618199276906,1.776865787011402e-06,5.812587959647347,0.019163031972257032,5.77977551930168,5.8465798031916885,-0.03762521719783529,-1.247539191104529,5.838771885389816,6.836110774937563e-05,-1.6757420456092508e-07,0,0.0,0.0,0.0,0.0012053887953374818,0.0015247996865563262,7.733338924593625e-06,-1.2708758689757522,40.18769926349568,-80.4262878061532,48.37313631612611,-0.4663445888311445,-1.230969095756037,0.00561838274751129,3.600553624913214,67.26457399103138,892.0,33.34666400106613,0.03738415246756293,47.01538701057239,0.8390291592224144,0.0,31.820783999999996,0.01518960972828438,31.79,31.830000000000005,9.239353113448402e-07,0.04000000000000625,0.019999999999999574,-0.3166284416841185,1.4167446902873024
19,536,1422.112,1427.108,0.0,0.0,0.0,0.0,0.0,0.0015562715772058874,0.11903916417035577,-0.1413311149898272,0.771287933312556,3.656788176902953,16.899883776444437,70.88846880907373,846.4,35.84410690755177,56.39148871948674,84.0,50.0,0.3203845967386225,0.002321801769413678,0.3167575222137299,0.3241503332827618,0.11216046905857001,-1.4413115569470805,0.31831197373440256,3.2796224905800464e-06,7.770187120257396e-09,2,0.4,0.0031701971785057237,0.005836425612838536,0.0021183920072962315,0.011196733689350282,4.7495976113130745e-05,5.778705748004116,0.019788386687018367,5.746870116419789,5.813085474045043,-0.009397139847173107,-1.2349260023618005,5.804917540781652,6.695060134301559e-05,-1.6546984305385623e-07,0,0.0,0.0,0.0,0.001571752177047531,0.0023906524363930632,1.3500506004745238e-05,-1.7842112155811745,39.44199589468515,-80.38492328595369,52.25539607183678,-0.48467294100210795,-1.137302115125373,0.0037444131606356257,3.838743410443717,69.38020351526364,864.8,40.33856715353187,0.046644966643769506,48.12972548109891,3.281766310329732,0.0,31.828719999999997,0.018186179548837972,31.79,31.850000000000005,4.312066759723536e-05,0.060000000000005826,0.060000000000002274,0.339660734485676,1.5082652938100836
19,537,1424.612,1429.608,0.0,0.0,0.0,0.0,0.0,-0.0013612063535336936,0.12062426429046359,-0.2023419667576916,0.7717674431154764,3.808400928008863,18.198155995511566,68.87052341597796,871.2,53.47148772944325,65.3299318842443,112.0,50.0,0.3206536920087239,0.0022043760224631486,0.3167575222137299,0.3241503332827618,-0.230275804919289,-1.2316630533910062,0.32309715300695746,6.2849003860144445e-06,-1.5225996196110516e-08,2,0.4,0.0005648162462475737,0.0010376322771095126,0.0002494170039206216,0.0003930481761714537,3.419592193849672e-07,5.758597322808156,0.009523104055930234,5.74563122350414,5.779740905841055,0.36311783279089327,-0.8068829152308044,5.771532191233725,6.193194849711496e-05,-1.545521440388466e-07,0,0.0,0.0,0.0,0.0016351483359840476,0.0024765057826448018,1.4600455489343177e-05,-1.6777248052006588,41.13744550934572,-82.62110049753697,56.886164770871424,-0.48649994480807546,-1.169809949507406,-0.009099904993451619,3.8486173969370845,75.07507507507508,799.2,124.43150726403663,0.15569507915920497,46.409437971341625,11.534338129366631,0.0,31.838087999999996,0.00946242822292882,31.82999999999999,31.850000000000005,-3.562078439753021e-06,0.020000000000013785,7.105427357601002e-15,0.41755646072786085,6.20455165909712
19,538,1427.112,1432.108,0.0,0.0,0.0,0.0,0.0,-0.0018384729401375432,0.12340807034274415,-0.2023419667576916,0.791456669768466,3.788765137975448,17.93973184290216,70.0280112044818,856.8,36.15522092312534,51.146847410177685,96.0,25.0,0.31975532488135233,0.0027783404870729807,0.3139242525299626,0.3234507378598817,-0.46620209992013256,-1.044859767471581,0.31797427287426316,4.863126437011028e-06,1.15754897789018e-08,3,0.6,0.004877372420055777,0.005473670843550771,0.0020194251896559624,0.011653972997886106,4.7540605077716456e-05,5.760501986945212,0.007509010751626696,5.74563122350414,5.768105301374415,-0.9966092547386438,-0.5038940212679273,5.740990244224657,3.0488735614106016e-05,7.403455964222157e-08,2,0.4,0.02474172471569691,0.027094896900497822,0.007480135299906762,0.09750588793429521,0.0021830788307937226,-1.293989946887014,41.09893553166978,-82.62110049753697,56.886164770871424,-0.47505735105679064,-1.1408203951167344,-0.011636981979770644,3.862908577458338,73.17073170731707,820.0,153.1012736720371,0.18670887033175257,49.789368357816436,6.434695645326564,0.0,31.82827199999999,0.012264425248626597,31.809999999999995,31.850000000000005,-3.027873681838433e-05,0.040000000000009805,-0.0400000000000027,-0.3597670828362888,3.1427205028352745
19,539,1429.612,1434.608,0.0,0.0,0.0,0.0,0.0,4.846459512080177e-05,0.12279709109650636,-0.1399151485628844,0.791456669768466,3.6827592672165315,17.143238465077697,76.20660457239627,787.3333333333334,102.68138422648316,119.02268691304192,276.0,20.0,0.31978326574657695,0.0030673895760100676,0.3139242525299626,0.3234662514000983,-0.3421803859677912,-1.3548466226624545,0.3220651385933734,7.517552816551051e-06,-1.8207735895197327e-08,3,0.6,0.001295044321474148,0.0014068429292033446,0.00048252366416262366,0.0015726250009391388,1.6599229089144054e-06,5.760242244002297,0.006747599337461415,5.742286973993273,5.768105301374415,-0.9261373256450941,-0.10894892023654013,5.759190644706907,2.8554290963741414e-05,-7.166557673179532e-08,3,0.6,0.005236820919232166,0.008862014503172588,0.00319047169503519,0.01705135672108155,0.00010910252540860832,0.4866757803249511,41.26310390598594,-87.75563986471508,55.35882768494421,-0.5622506545022271,-0.9851859985743685,-0.01499321701954568,3.982157863092143,70.35647279549718,852.8,38.61605883567095,0.04528149488235336,52.24062144675373,3.3758450581043618,0.0,31.821959999999994,0.009463883706538959,31.809999999999995,31.830000000000005,3.2230932627786774e-06,0.020000000000010232,0.0,-0.5132087644543016,5.85013177689909
19,540,1432.112,1437.108,0.0,0.0,0.0,0.0,0.0,0.0013999485912406535,0.12101712717361114,-0.1417299958670042,0.7738198458720197,3.6755544017475814,17.069560158785222,75.12520868113523,798.6666666666666,124.49364106919946,105.28437680871744,328.0,20.0,0.3205387055485024,0.002536523642613725,0.3144691276640702,0.3234662514000983,-0.6352244454413892,-1.1117032871664603,0.3142335291308931,1.1546128212632478e-05,2.7609627882235836e-08,4,0.8,0.007428576966421158,0.009228348170893741,0.002536786323547673,0.031522145261043605,0.00023092693140316494,5.741152017500638,0.015907868597620643,5.709144274000366,5.761806424177965,-0.28338869284400087,-1.208640865118277,5.753886015587258,4.693098745017748e-05,-1.1727502675378405e-07,1,0.2,0.007828702857597847,0.007828702857597847,0.0027472000930168746,0.008005527549456336,5.057089504677442e-05,-0.23235571962547255,45.242179915810205,-91.86939451277158,62.83539282898657,-0.5433735135890903,-1.0590192059593095,-0.01828895152703473,3.9126551753305705,72.18479307025986,831.2,25.674890457409937,0.0308889442461621,56.59532371019284,3.933607319666137,0.0,31.821895999999995,0.009103561530628995,31.809999999999995,31.830000000000005,2.7396420733722554e-06,0.020000000000010232,0.0,0.571391517882346,2.9404156108753767
19,541,1434.612,1439.608,0.0,0.0,0.0,0.0,0.0,0.00016210553306672323,0.11484089614801697,-0.1478640294238405,0.7990837165565448,3.850225876286521,19.501924590396882,73.83100902378999,812.6666666666666,112.3826795670341,134.1879279220005,292.0,40.0,0.3194060674002692,0.0024072726670838064,0.3155423509140424,0.3226568860330135,-0.05795321381779783,-1.5150609671949882,0.3221119069018193,6.188689250254724e-06,-1.50501571155434e-08,2,0.4,0.0002970966738106984,0.000462811065175206,0.00012337836170920962,0.0002601226203379187,8.969291126563205e-08,5.709472598050236,0.020141439284488645,5.67380691494694,5.742227607880479,-0.06655392910757658,-1.2794977181994147,5.734474836964351,1.9272408738750468e-05,-4.548302377266712e-08,0,0.0,0.0,0.0,0.0015118564680323531,0.0025050221346087495,1.268989728499294e-05,1.1161240170616864,45.44458652589835,-92.52268003465969,62.83539282898657,-0.5565802378362004,-1.0124055716432239,-0.006961138247552683,3.8980642228262212,70.82152974504248,847.2,39.83967871356394,0.047025116517426746,58.22451556841548,2.7201373475635675,0.0,31.81790399999999,0.009074290160237678,31.809999999999995,31.830000000000005,1.1499322559808483e-06,0.020000000000010232,0.0,-0.020906968547985353,3.0094792787475058
19,542,1437.112,1442.108,0.0,0.0,0.0,0.0,0.0,-0.001827594583328157,0.11565083797122394,-0.1478640294238405,0.7990837165565448,3.873919080888869,19.709618197374976,70.55503292568203,850.4,161.26003844722348,162.49307677559682,396.0,75.0,0.32004926104846954,0.002005367032355891,0.3155423509140424,0.3222405824139065,-0.7909153209597316,-0.3992789031034678,0.31589638229125483,4.385451607984269e-06,1.0389938847692477e-08,3,0.6,0.006303763737067869,0.006341060185988956,0.0019657763359302275,0.02084232733785675,0.00010622902527163835,5.674249788400409,0.020230328279573283,5.6392445229490935,5.709068118060547,-0.02945422875972737,-1.185938155477102,5.701389115484526,5.706511095783649e-05,-1.3607528768817596e-07,0,0.0,0.0,0.0,0.0013145148332733639,0.0019833150732393163,9.431504226737034e-06,3.6685888418530683,43.13236897669937,-92.52268003465969,58.84219404341768,-0.667169954407166,-0.8995155806038695,-0.0018305694689785884,3.954076412457948,67.8119349005425,884.8,23.220680437919988,0.026243987836708848,53.763774916059305,4.148653421302808,0.0,31.818087999999996,0.009473705696016731,31.809999999999995,31.830000000000005,4.739535833301068e-06,0.020000000000010232,0.0,-0.47450715298456475,2.743098025139531
19,543,1439.612,1444.608,0.0,0.0,0.0,0.0,0.0,0.0006165003108912771,0.12437061925751855,-0.1451876890844671,0.7687837312919521,3.6634457177539725,16.888265318065436,67.38544474393531,890.4,50.16771870436207,58.0689245638319,140.0,75.0,0.32001234815518864,0.0014289284707180718,0.3173473854080454,0.3222405824139065,-0.17611622206016136,-1.1231471944951068,0.3215171702782156,3.1692621280943664e-06,-7.850974195027588e-09,2,0.4,0.0006623215492739809,0.0007217733412850924,0.0001953473283412584,0.000402855464537453,2.232897315422341e-07,5.640499703328439,0.01886655603161277,5.608943186617551,5.673742182524465,0.0974349529297877,-1.1889307778407057,5.665998090919677,2.615314632997099e-05,-6.053394307428918e-08,0,0.0,0.0,0.0,0.0014531606262342769,0.0024067099161091524,1.1723180994864537e-05,1.1058604453941556,41.65330177562461,-86.40507959468522,54.26568469788503,-0.5778114346614505,-1.0719596153204962,0.0042075974284967515,3.805067572028267,66.60746003552399,900.8,45.64208584190692,0.05066839014421284,49.35636619808947,3.051595273985557,0.0,31.815263999999996,0.00861184004015759,31.809999999999995,31.83,-1.859525798097614e-05,0.020000000000003126,-0.020000000000003126,0.39615373276702837,0.7779847084113243
19,544,1442.112,1447.108,0.0,0.0,0.0,0.0,0.0,0.002018407684041204,0.12451514076438304,-0.1535672367357688,0.7687837312919521,3.620268103526093,16.488288264015516,68.93382352941177,870.4,38.32492661441115,58.172158288995945,104.0,25.0,0.3201473385492379,0.0022155620373413352,0.3167535369523666,0.3242707242934173,0.24476205803900225,-1.0425650578027221,0.31808226646188914,1.1285463058750191e-06,2.7066426878377353e-09,3,0.6,0.0033772423598325183,0.006187696373549656,0.0020117381067474623,0.01114187141316756,4.505089890585729e-05,5.607669093009107,0.018826911449926497,5.576835276924735,5.639204482493554,-0.011240942777139456,-1.3233644785852197,5.631406303528791,2.2233592336800742e-05,-5.5121729589010736e-08,0,0.0,0.0,0.0,0.001519466803090193,0.0023693030411361476,1.2672093939730462e-05,-1.726608783003754,41.76161389215512,-87.11860077599985,53.07263588355543,-0.4611947305732145,-1.1932541420221034,0.007753656286920943,3.797526266365711,68.99724011039558,869.6,17.572706109191035,0.020207803713421152,47.54660177347704,3.700175477352419,0.0,31.813919999999996,0.0075499060571262155,31.809999999999995,31.83,5.850873504585504e-06,0.020000000000003126,3.552713678800501e-15,-0.19629743669563776,0.06341658098381231
19,545,1444.612,1449.608,0.0,0.0,0.0,0.0,0.0,0.0018558758033162847,0.12331113965037072,-0.1535672367357688,0.7827982187872503,3.758664291768284,17.244600515172152,65.90509666080844,910.4,76.60809356719432,94.10632284814874,192.0,50.0,0.31956218714214263,0.0026248281504507955,0.3158061285106394,0.3242707242934173,0.310341409641566,-1.2518294830195738,0.3204675514800865,8.236837981575761e-07,-2.168936624875036e-09,2,0.4,0.00225016834071759,0.0038019650361824087,0.0012126068397937657,0.003888304649145154,1.037468337343461e-05,5.581251429502576,0.01208982126636891,5.562307697147953,5.608900209025388,0.5999933582785393,-0.6574856532402085,5.601016273736089,4.42403639209327e-05,-1.1023729174352538e-07,0,0.0,0.0,0.0,0.001386591347611458,0.001848565466853108,1.0300455138834969e-05,-3.1580207397543756,42.15506283910512,-87.11860077599985,53.07263588355543,-0.4375908411106581,-1.2041082208188902,-0.006382933644836358,3.78094522881993,68.72852233676976,873.0,56.32051136131489,0.06451375871857376,47.023302306910956,3.7553497108655924,0.0,31.809919999999995,0.012066771157985112,31.79,31.83,-2.2810904838966222e-05,0.03999999999999915,3.552713678800501e-15,0.6559594168148062,2.8234256759613174
19,546,1447.112,1452.108,0.0,0.0,0.0,0.0,0.0,-0.0029131256428996193,0.11679182742806786,-0.1472929239300033,0.7868146591872426,3.9586229481201176,19.89223202737793,65.78947368421052,912.0,64.4980619863884,89.56189665998221,144.0,33.33333333333333,0.31948190302667556,0.001947591495018478,0.3158061285106394,0.3218940962779973,-0.4653828733187897,-1.252706166024416,0.31648494066653465,2.1636100900449274e-06,5.1356889913322355e-09,4,0.8,0.004238020719429567,0.005407799945859715,0.001867026203734044,0.015211116966611737,6.37067806806597e-05,5.561100827139903,0.012006339011798504,5.535916653537147,5.576817518262557,-0.4341220135206292,-1.0746921785667487,5.569721187822899,2.1364840103991924e-05,-5.33500622066203e-08,1,0.2,0.0043434690823378475,0.0043434690823378475,0.0021559214327387076,0.006989482406222238,3.3031366481713794e-05,0.8867228671733883,40.06495153476481,-86.78900592920466,51.17813661532652,-0.5126187365571526,-1.0767480103167422,0.0025991130913932967,3.8881255944282764,69.06077348066299,868.8,160.80796000198498,0.18509203499307664,45.93558200089068,5.8780451694561044,0.0,31.802016000000002,0.009074779628190987,31.79,31.81,-4.2308839877315926e-06,0.019999999999999574,3.552713678800501e-15,-0.5954327865733583,3.2712997964524675
19,547,1449.612,1454.608,0.0,0.0,0.0,0.0,0.0,-0.0029182716759493074,0.12052512380920732,-0.156751731041455,0.7868146591872426,3.842315668321011,18.855329559005543,72.11538461538461,832.0,116.1378491276638,133.41664064126334,304.0,50.0,0.3189627157819177,0.0020826491014850628,0.3157271122238365,0.3218940962779973,-0.019064308270736737,-1.5671000346921709,0.3206614544407822,2.107745883240459e-06,-5.072145627376564e-09,2,0.4,0.000979310070955114,0.0012280851929631909,0.0003806065484566522,0.0011746681580673418,1.0002698056409816e-06,5.5351210605383505,0.017868018129023677,5.503088642019607,5.562272120175368,-0.12216907071105029,-1.2766367303477688,5.554809217840551,5.5205576576003776e-05,-1.3767777753825885e-07,0,0.0,0.0,0.0,0.0018070123097760024,0.003833477110506116,1.9274986943729723e-05,3.443758381566971,41.33598486415587,-87.50339720653987,54.32016338791192,-0.6312509573843079,-0.9603378343594713,-0.004975353866590373,3.8517362910952895,66.48936170212767,902.4,55.179706414586875,0.06114772430694468,49.88765615973363,2.752020805000972,0.0,31.799031999999993,0.009439817424679838,31.789999999999992,31.81,-1.6260403366644628e-05,0.02000000000000668,-0.019999999999999574,0.785218439600095,5.626022913256946
19,548,1452.112,1457.108,0.0,0.0,0.0,0.0,0.0,0.002152746175080782,0.12621544214904473,-0.156751731041455,0.7683850077768364,3.66314242340382,16.60864487601269,67.14413607878245,893.6,47.21016839622583,60.36555309114628,108.0,25.0,0.31842714518947385,0.0019085203751502643,0.3157271122238365,0.3216985931546706,0.2852087421622042,-1.3889573495004646,0.31730269202786204,1.4457749782975784e-06,-3.629755443039143e-09,3,0.6,0.002983400560040761,0.004396784225666417,0.0015896993199835566,0.007158082739661494,2.287885664233267e-05,5.501929070044176,0.020056871279133838,5.466805455731136,5.535845930045191,-0.052951920066263106,-1.2287257758855181,5.528402748339972,2.973346902901761e-05,-7.366956518754766e-08,0,0.0,0.0,0.0,0.0012678990906487,0.0019001820348011284,8.764781799819086e-06,-0.40707868820076726,46.63861527047309,-97.54723332851644,57.03732331909641,-0.5229274893738544,-1.1740537226945285,0.006592495893320748,3.73413923212761,67.38544474393531,890.4,43.41428336388844,0.04875817987858091,52.01842968544136,3.205467506330628,0.0,31.806055999999995,0.01424635927744529,31.789999999999992,31.83,1.7218622219951212e-05,0.04000000000000625,0.0,-0.47500744286899155,0.24130866515285732
19,549,1454.612,1459.608,0.0,0.0,0.0,0.0,0.0,0.0002459936087190123,0.1215311460660767,-0.1753677793983799,0.7683850077768364,3.7636155638960034,17.67016710708509,67.02412868632707,895.2,42.558195450465234,62.864934582006846,96.0,50.0,0.3193502077663849,0.0015777327946393672,0.316089868558667,0.3216985931546706,-0.3216005145861659,-1.1450273903604338,0.31909512148171004,6.271321246469479e-07,-1.647848937519531e-09,4,0.8,0.0018041065648475019,0.0026023279640635666,0.0008826658702603078,0.004195334927583732,7.418807555481083e-06,5.466446190500852,0.020762760321153952,5.428879396519997,5.503021328574356,-0.032755021757883376,-1.1891801317304047,5.495395160380205,3.6987022936698734e-05,-8.652240631412713e-08,0,0.0,0.0,0.0,0.0012101263816481727,0.001501227274899236,7.775977656963565e-06,-2.6888544090837376,45.77316973883259,-97.54723332851644,57.03732331909641,-0.41944747760280604,-1.2174141640555063,-0.0006771680714759631,3.8100506909467935,66.2251655629139,906.0,40.98780306383839,0.04524040073271346,51.945040369488694,4.142274389546943,0.0,31.80596,0.014279343559597703,31.789999999999992,31.83,-3.103083457973276e-05,0.04000000000000625,0.0,0.30593104319114306,0.7989631234131735
19,550,1457.112,1462.108,0.0,0.0,0.0,0.0,0.0,-0.00029619417586576624,0.12535198231493364,-0.1753677793983799,0.8273830976700507,3.7888863795111685,17.972075822157283,71.56488549618321,838.4,65.88474785563044,72.13875518748573,164.0,75.0,0.31990043258764317,0.001730333008202602,0.3155285804492448,0.3228311636173874,-0.2660452697948531,-0.938774852429964,0.3174488749869789,1.9229187927584217e-06,4.608222089534381e-09,4,0.8,0.0037795435030507085,0.0053808711715113144,0.0016618615015021848,0.012438191221204322,4.474734570678685e-05,5.429760700190894,0.02156403081754339,5.3916342137545215,5.466762922828504,-0.013406804849994312,-1.1888565655811747,5.4588801846262145,4.6995334666771956e-05,-1.1531494688185718e-07,0,0.0,0.0,0.0,0.0014801010263250601,0.002144927399583258,1.187822433481336e-05,-1.6531072944507876,40.847844626513314,-90.82882633294852,53.9658559168985,-0.4761002529177869,-1.104532914002512,-0.004531844345960146,4.050665444695454,67.1892497200448,893.0,57.81579945539685,0.06474333645621148,48.05374058294596,5.083067918216129,0.0,31.792920000000002,0.006818966097503899,31.79,31.81,-1.1948705247138576e-05,0.019999999999999574,-0.019999999999999574,-0.5119327619313632,4.3756357761384095
19,551,1459.612,1464.608,0.0,0.0,0.0,0.0,0.0,-0.0002228659751698322,0.12071862787987275,-0.1643796049975674,0.8273830976700507,3.9338794718833947,20.107415535308032,75.31380753138076,796.6666666666666,167.01457022268045,161.00683215317292,456.0,80.0,0.31903500142577096,0.0023526613587833496,0.3149972975603432,0.3228311636173874,-0.10652182541067969,-1.28479521180887,0.31972998195831903,7.292629402172514e-07,-1.9068133777725657e-09,2,0.4,0.002337439408060915,0.0031009887475023645,0.0009704946571048614,0.0035363631762863634,7.2085459021833584e-06,5.396660068492532,0.016660866304871222,5.372058239188566,5.4288079020282645,0.4003945642405897,-1.1859147964380787,5.421393061243782,6.008529517117127e-05,-1.4480619004545929e-07,0,0.0,0.0,0.0,0.0013111572548110708,0.002025511611977249,9.421105069138638e-06,-1.0067699941366075,45.029305361154,-101.75215033937596,59.37732509416672,-0.5561405784538402,-0.9482629932692901,-0.019367902922932657,4.127477835341011,71.42857142857143,840.0,60.398675482166,0.07190318509781667,50.26371129580673,6.783596902129831,0.0,31.7964,0.014189351131501087,31.79,31.83,2.576156272741173e-05,0.03999999999999915,0.03999999999999915,0.6356446235578618,3.88523610280933
19,552,1462.112,1467.108,0.0,0.0,0.0,0.0,0.0,-0.0014622496488536302,0.11344589537387276,-0.1370299186639484,0.8002451198062251,3.993380262585642,20.90386491511122,68.55575868372944,875.2,123.75459587425429,157.07323132857488,304.0,75.0,0.31919081855725445,0.00223048826520841,0.3149972975603432,0.3216296632069805,-0.4537004021193975,-1.272839738666923,0.3156126610971216,1.9044182513641782e-06,4.621116145682098e-09,3,0.6,0.0033246071278604608,0.00601556481473059,0.002185247102793263,0.018006585263901986,8.877192613266835e-05,5.3687801173171525,0.01541346580649794,5.3396059750907385,5.391583039669466,-0.31594341988018654,-1.2417110943694496,5.38467209340917,3.2232730977979e-05,-8.111037727744115e-08,0,0.0,0.0,0.0,0.0014547908273589002,0.002735857236682099,1.2085575689181845e-05,2.3767460415193753,46.43401043556689,-101.75215033937596,59.37732509416672,-0.6495653126263694,-0.8637531274504422,-0.001327045725296815,3.959066145298938,67.87330316742081,884.0,66.2117814289874,0.07490020523641108,53.68845602919517,4.743919531713214,0.0,31.801919999999996,0.015300516596242819,31.789999999999992,31.83,6.612586632233839e-07,0.04000000000000625,0.0,-0.9073207621624262,0.6824555163086217
19,553,1464.612,1469.608,0.0,0.0,0.0,0.0,0.0,0.0017722778857294954,0.1193242633670854,-0.1338907225589433,0.767800627634259,3.7459900317693973,17.831693382567842,65.27415143603133,919.2,55.45448584199478,60.959002616512684,132.0,50.0,0.31873167059122903,0.0025603901561662337,0.3145917731600931,0.3216296632069805,-0.13549177377758734,-1.7629042953218728,0.31960698833619355,2.0054717541941252e-07,3.1991086808078773e-10,1,0.2,0.002022613580996979,0.002022613580996979,0.0008473922516221375,0.003881248845240258,6.601693471062098e-06,5.33815249238476,0.019635342858765403,5.303805229910938,5.371986597960795,-0.047167200766957317,-1.2274349046314912,5.364751301838981,6.0633355952344315e-05,-1.4778237411071583e-07,0,0.0,0.0,0.0,0.0011383575664285423,0.0015127779048933743,6.940394394603782e-06,2.4239017511310244,45.505260793822295,-92.14398055696648,56.73571640510013,-0.5930754764333376,-1.0251607476100857,-0.011547737545672156,3.6838554554300855,63.88415672913117,939.2,33.39461034358688,0.03555644201829949,53.74707856907128,2.6773814906054687,0.0,31.802839999999996,0.010616994718373438,31.789999999999992,31.83,1.3860975271078114e-06,0.04000000000000625,-0.020000000000003126,0.8254147729224042,1.3899947069001612
19,554,1467.112,1472.108,0.0,0.0,0.0,0.0,0.0,0.0022943915412768677,0.12151650719511443,-0.1287433368990674,0.8120599130234024,3.8639011511723655,18.460053265788726,65.55944055944056,915.2,57.647202880972465,46.73328578219169,148.0,50.0,0.31788261591411293,0.0017839883969642143,0.3145917731600931,0.3202416472712948,-0.20113316984323587,-1.600972760247119,0.3199144543023083,7.162673581576822e-06,-1.728804033596464e-08,1,0.2,0.00017526162771791531,0.00017526162771791531,3.588656544463158e-05,4.382628586810521e-05,6.837115459191458e-09,5.303346428409153,0.02051827521723528,5.26592815166961,5.3395432713528725,-0.05428135844556689,-1.1467394025430484,5.332057388115678,5.274801198458715e-05,-1.2907905859850587e-07,0,0.0,0.0,0.0,0.0012144919813165472,0.0015412132266081997,7.853211854212488e-06,-2.158237090856789,46.27577494527653,-92.42110650595474,56.73571640510013,-0.46009906193445005,-1.2216128929335808,0.0012752725169643422,3.6391682920476693,65.55944055944056,915.2,47.782842108857444,0.05221027328327955,51.96616302631522,3.3242189487510476,0.0,31.80208,0.00910733418873984,31.789999999999992,31.81,1.7506315204615983e-07,0.02000000000000668,0.0,-0.7182004881166814,0.0
19,555,1469.612,1474.608,0.0,0.0,0.0,0.0,0.0,-0.0020141589430341857,0.11503722896360224,-0.1450740681408625,0.8120599130234024,4.059071132797181,21.168540318528763,63.76195536663124,941.0,46.11579628139003,76.62897624267207,112.0,66.66666666666666,0.3182712530259742,0.0021709062350060465,0.3125834537460934,0.3213044337148029,-1.0504701224728437,0.3150135763044952,0.3167537000526071,3.1921109050656543e-06,7.566916375639166e-09,4,0.8,0.0030041632685728348,0.004548782137684948,0.0014111958706316196,0.009702482118517751,2.878176003981471e-05,5.267091066688419,0.02142830375108296,5.230841711261444,5.303749581437678,0.005331246319428171,-1.2143865767511322,5.296255031052144,4.683732596493296e-05,-1.147748640319204e-07,0,0.0,0.0,0.0,0.0013150798510538633,0.001885314177742865,9.362288471435056e-06,0.2988757246015215,44.65722526238054,-95.48600933896115,51.57015860791604,-0.5745659204028402,-0.9872356797922115,0.00022744155640489668,3.7649803741001864,69.18819188191881,867.2,133.0984597957467,0.15348069625893299,48.984143298886295,3.6420770025399056,0.0,31.794759999999997,0.007910015395922726,31.789999999999992,31.81,-9.799327871538568e-06,0.02000000000000668,-0.019999999999999574,0.5842082483268265,5.42623651528757
19,556,1472.112,1477.108,0.0,0.0,0.0,0.0,0.0,-0.0012265727598556795,0.11617845185391555,-0.1450740681408625,0.7850065129420326,3.782758626800205,18.855099904426908,69.63788300835654,861.6,150.82705327626076,173.5511451993331,392.0,100.0,0.3182326144894351,0.002477932893891347,0.3125834537460934,0.3213103971461755,-0.5610689916937436,-0.7877199693727825,0.31910798004004093,4.436870242798768e-06,-1.0669638969313796e-08,3,0.6,0.0017496165491018845,0.002205609492217042,0.0007649772160422839,0.0032517173994228497,5.045751969815237e-06,5.230035279114297,0.02144693989273569,5.192546316841933,5.26586014626734,-0.045094131881569646,-1.1916119112173424,5.258608071975531,4.583487034967066e-05,-1.1412863415626021e-07,0,0.0,0.0,0.0,0.001294702801978993,0.0020344959013458277,9.214047935088567e-06,1.9557972407321214,46.58071255939464,-95.48600933896115,55.34046525657145,-0.6116343897415629,-0.9819279088206065,-0.0006598499105836982,3.6676125076150754,65.44502617801048,916.8,102.23111072467128,0.11150862862638666,51.385772436364675,2.5084472049391113,0.0,31.797943999999994,0.009432162551528527,31.789999999999992,31.81,1.7402430337557636e-05,0.02000000000000668,0.0,-0.43649411108591696,4.192856830346059
19,557,1474.612,1479.608,7.5492,49.0,0.0,49.0,31.0,0.0008846437122153997,0.11888354645128714,-0.1417129350303799,0.7584203637692397,3.6935977874925157,17.25958087204407,65.33101045296168,918.4,40.25916044827562,49.35585071701227,108.0,50.0,0.31881662291809715,0.0022084585415292537,0.3153345174036137,0.3213103971461755,-0.4769883377818582,-1.5440896174915477,0.3157248924346437,4.964186408043705e-06,1.1901542412715236e-08,5,1.0,0.004177827048166549,0.005589978678068042,0.002169988182772845,0.015586260076783442,7.211170880824214e-05,5.193793562381357,0.02025909975991934,5.165722005481208,5.23078093573874,0.2070372520026472,-1.2956242257163773,5.223356337921949,5.563335273395515e-05,-1.3582154051438702e-07,0,0.0,0.0,0.0,0.0012229557073659574,0.0016484034709962128,8.025193218663583e-06,-0.7576783282804248,46.104230304427794,-94.9376819900075,56.5611988627043,-0.49359609693738016,-1.1542035900153533,-0.0004470597955962765,3.717447195234255,64.71095772217429,927.2,60.2262401283693,0.0649549613118737,52.27785985424859,3.2541185788443796,0.0,31.801447529411764,0.0093784683493479,31.79,31.81000000000001,-6.887905471798185e-06,0.020000000000010232,0.017647058823531125,0.24744274903156535,0.6200527307873926
19,558,1477.112,1482.108,39.2276,68.0,0.0,68.0,67.0,-0.0005844038491122456,0.1194879215988844,-0.1607168581292239,0.7522167821514849,3.695084109627483,17.00789410283374,68.74427131072412,872.8,73.66953237261656,56.28498911788115,160.0,25.0,0.3178994416782025,0.002158665361599343,0.3152042947795235,0.321053789010206,0.2165487756258063,-1.5485689322433918,0.3202620384961144,4.972562068603811e-06,-1.2029266788900785e-08,3,0.6,0.0005490837712486263,0.0007862101354617068,0.0002604146428524103,0.0006793577378633658,4.3153512976062666e-07,5.336415959243035,0.21263755365473838,5.165722005481208,5.826445620064558,0.9190982051649779,-0.7515719490938615,5.186775117078594,4.46488744833713e-06,1.1745013110535997e-08,0,0.0,0.0,0.0,0.20832139295931287,0.7751976272688459,0.33740227877703904,-1.975343704799241,42.26431370237001,-91.2289912634972,56.5611988627043,-0.43954403251814356,-1.1511616863221625,-0.0013076088614068326,3.9763006975798754,65.359477124183,918.0,47.384948383778294,0.0516175908320025,49.60983800442394,4.764852668940646,0.0,31.793919999999996,0.0075144645253686195,31.79,31.81000000000001,-2.912626504068563e-06,0.020000000000010232,0.0,0.2713203879376846,3.3847941865411144
19,559,1479.612,1484.608,65.1556,68.0,49.0,19.0,68.0,-0.00027924323843691196,0.11961964889720562,-0.1607168581292239,0.7522167821514849,3.574514629043821,16.135390027799325,77.72020725388602,772.0,107.48023074035522,115.57162281459925,308.0,80.0,0.31842370649767066,0.0020675677307739624,0.3152042947795235,0.3214160634425942,-0.2183840067938588,-1.441960477862034,0.3153995216582897,2.7433290933927794e-06,6.496076886477068e-09,3,0.6,0.004667049902804384,0.0060145827840564214,0.002049193722968214,0.015171930111503609,6.703744032542528e-05,5.964973225640775,0.5306454993137603,5.179423548496454,6.789545424499054,0.16562839951642644,-1.4183783530723397,5.2019168056174045,0.0006077254080368527,1.4674502788097971e-06,0,0.0,0.0,0.0,0.529565456762668,3.8140949947437357,4.315385140113155,-0.6919986908508741,50.504162339003,-126.703321284663,116.21135670221932,-0.23087794893528038,-0.4529952200516818,-0.008963773807879397,5.742452746640463,65.43075245365321,917.0,67.43886120034946,0.07354292388260573,62.983053818175804,31.972723253383098,0.0,31.786790579679142,0.007971743871313875,31.77,31.807352941176468,-1.615244173998579e-05,0.03735294117646859,-0.03517112299465097,0.3930803104024959,12.289454800232804
19,560,1482.112,1487.108,66.7968,73.0,63.0,10.0,72.0,0.000772365841065601,0.1201110508317186,-0.156507342721949,0.7900193003030664,3.5917648893211616,16.670097830314596,80.57296329453895,744.6666666666666,69.99047554250983,95.36456364918784,200.0,40.0,0.31953383849917744,0.001697501547154759,0.3157091924959119,0.3218272000748808,-0.7780960969322938,-0.46544134163769835,0.31995913999866155,2.2813605953591934e-06,-5.521361399211299e-09,2,0.4,0.0016627381099426908,0.0018697820020740497,0.0005715844584009114,0.0023173314557960708,2.7088840238007843e-06,6.7383656416866815,0.38774561403790425,5.828266029394667,7.292915456568893,-0.5757157151339083,-0.4396633230996203,5.8552335041924755,0.0010354669050495174,2.492883196077903e-06,0,0.0,0.0,0.0,0.38646360944674907,4.413447679285886,4.646952290492224,0.8608988490732085,47.13655695631965,-126.703321284663,116.21135670221932,-0.2722407096396741,0.06712719694540592,-0.00578386535441849,6.382967392459302,74.01315789473685,810.6666666666666,154.87112922254641,0.19104168900807536,52.84145510841342,31.010832954099023,0.0,31.7842,0.008464421091987938,31.77,31.790000000000006,-4.80869683755195e-06,0.02000000000000668,-0.019999999999999574,0.011065844038328007,6.5598053998021015
19,561,1484.612,1489.608,46.6636,73.0,0.0,73.0,72.0,-8.217169748508421e-05,0.12017008363378726,-0.1492941680126632,0.7900193003030664,3.6621234083527856,17.072744272233678,85.57457212713936,701.1428571428571,117.11451457359811,139.6853607218738,308.0,33.33333333333333,0.32089178099264376,0.0019122992284167275,0.3170005811616522,0.3236551756142327,-0.35635195363405847,-1.0783920236452442,0.31658029780479463,4.543228427919429e-06,1.0760819436002234e-08,4,0.8,0.005337590169062392,0.007071614153575045,0.0019091125398813032,0.021555632495417476,0.0001111534110024292,7.16898656367065,0.17532903452148485,6.790117076592734,7.328492171250584,-0.9494621120498445,-0.6248734093882526,6.798642550886489,0.0004187612768279413,1.007657727894405e-06,1,0.2,0.5295490963261997,0.5295490963261997,0.1748356388706963,1.8511273041331333,0.838640735060682,1.620435922643476,35.13691373587218,-77.30609847070357,52.174335927245394,-0.6346155891109397,-0.8299760043540325,-0.0033134419942949284,4.248155982040407,81.66969147005445,734.6666666666666,98.78191467402658,0.1344581415708166,40.99451453948142,8.992752496585501,0.0,31.777825890909096,0.0093888912813563,31.77,31.790000000000006,-2.1560450907049173e-05,0.02000000000000668,-0.00254545454545152,0.7820524209788074,3.9048806570849166
19,562,1487.112,1492.108,13.344,73.0,0.0,73.0,71.0,-0.0006346261658203968,0.12272811668028913,-0.1653946445838031,0.7371802507808849,3.526957759573546,15.02182652151286,80.57296329453895,744.6666666666666,13.72103008766713,20.784609690826528,32.0,0.0,0.3203782070751502,0.0020953162011634902,0.3169865511701866,0.3236551756142327,0.199381342989518,-1.4886623233431304,0.32058271805915417,7.994072264332736e-07,1.9706607689749936e-09,2,0.4,0.002696210618281153,0.003072511371155273,0.0011293785592181604,0.0043620790687279205,1.0179217417708417e-05,7.1722925306499645,0.1366148704211874,6.931390164828938,7.328492171250584,-0.3346565982736617,-1.4071180889064194,7.280218324035581,1.7400775724187718e-05,-4.352515649913861e-08,1,0.2,0.048254357343598286,0.048254357343598286,0.01811044396828594,0.06208135360309565,0.002410089859704106,0.50619883031015,38.86179806558241,-77.30609847070357,54.51564161116841,-0.5741610929797099,-1.0278349695027176,5.820007642657612e-05,3.885239810240764,80.21390374331551,748.0,19.390719429665317,0.025923421697413525,47.964696053184944,5.575423206640518,0.0,31.775760000000002,0.008866760930896398,31.77,31.790000000000003,1.9663761704810687e-05,0.020000000000003126,0.019999999999999574,0.792153165551433,0.3590595512234387
19,563,1489.612,1494.608,0.0,0.0,0.0,0.0,0.0,0.00040575893190605497,0.12741393725886965,-0.1809354596478864,0.7605535836193122,3.4232551877745236,14.059090997285168,79.5053003533569,754.6666666666666,22.721502297750177,25.424397731313125,60.0,0.0,0.32041580999347263,0.001942265717829193,0.3169865511701866,0.3233187317738326,0.11454244818513466,-1.5677432357642802,0.31678943453581515,3.187310799107942e-06,7.705812235307446e-09,4,0.8,0.004452811687711333,0.006526996397377249,0.0019402111704083346,0.018121453024099933,8.456003405084628e-05,6.9682208362065055,0.09992177179770625,6.859568505890229,7.197452447276498,0.767591248457461,-0.712180432545285,7.181206284079005,0.00027690366628414255,-6.699915069407527e-07,0,0.0,0.0,0.0,0.0013921390600038451,0.0009117374469744615,9.86021415340213e-06,-1.6863766672977003,39.73975488323531,-78.6498061392914,54.51564161116841,-0.466750063675522,-1.1372712526261919,-0.0041285534051229145,3.8516201763346687,80.81896551724138,742.4,17.79887636902959,0.02397477959190408,49.78948807826569,4.031101772814018,0.0,31.777844307692312,0.009493052412042445,31.76384615384616,31.790000000000003,-7.117448099784883e-06,0.026153846153842863,-0.006153846153839737,-0.751010766257884,1.3136651638844796
19,564,1492.112,1497.108,0.0,0.0,0.0,0.0,0.0,-0.0008095034942008286,0.12400159084897479,-0.1819640006917384,0.7803863029467154,3.6655870507989388,16.490357567992774,84.11214953271028,713.3333333333334,96.45447976463649,114.84946669445183,256.0,20.0,0.3198364899486803,0.0026282626640259116,0.315943419899067,0.3233187317738326,-0.1589728139413491,-1.545492108240127,0.3188117968636761,3.1284787165834885e-06,7.361760981876082e-09,2,0.4,0.004318698317895692,0.004510039282821898,0.0018010354808862194,0.00870682618787071,3.1368838365461914e-05,6.85991112687788,0.03156882708718619,6.812506772028916,6.931141966849737,0.2564065280741592,-0.8154370803901512,6.921422975275027,0.00010070287660808221,-2.445324265609721e-07,0,0.0,0.0,0.0,0.00098041427506864,0.0007659255625112085,4.925394749299901e-06,0.706366718914633,37.18877208763889,-78.6498061392914,52.79494902178575,-0.5746352568824902,-0.9198416259860922,0.006445504113019694,4.095270855774395,79.7872340425532,752.0,29.284808348357004,0.03894256429302793,48.52258577069684,2.390744435496976,0.0,31.769936000000005,0.012106610849080417,31.75,31.790000000000003,-5.470784941268869e-06,0.0400000000000027,0.0,0.6261061997481194,4.324915490157082
19,565,1494.612,1499.608,0.0,0.0,0.0,0.0,0.0,-0.0009669125381189417,0.1296745211628154,-0.1819640006917384,0.8655089164277466,3.7783478017420786,17.43602885780616,74.03751233958539,810.4,52.96036253652348,50.07993610219566,128.0,50.0,0.31900807610313475,0.002425157359080096,0.315943419899067,0.3280687998947799,1.076860578279652,1.4288408152651142,0.32136468574828425,8.108999556955895e-06,-1.956184872162118e-08,0,0.0,0.0,0.0,0.0010192248575899765,0.0014199313913213843,5.601266249256764e-06,6.865718701884984,0.05101650831154528,6.812506772028916,6.9738388812045855,0.8504268220756841,-0.7403674862771736,6.8501017668082005,5.280157807374358e-05,-1.2805956257084742e-07,0,0.0,0.0,0.0,0.04179549400461951,0.13759803433904175,0.012528629980007174,2.5673044136537464,39.22628269774455,-95.6075619658033,57.63981588895832,-0.7073585253080152,-0.6331427608649793,0.00023662214103537768,4.538609978211775,77.78738115816768,771.3333333333334,45.985504962614755,0.05961820003796208,49.25021995034512,4.092416731932153,0.0,31.777851692307692,0.01565755288406454,31.75,31.790000000000003,3.7978989377343413e-05,0.0400000000000027,0.026461538461539647,0.8054417713241409,3.7498688185822857
19,566,1497.112,1502.108,0.0,0.0,0.0,0.0,0.0,0.0028851778964610244,0.13514255803263514,-0.1506274089905068,0.8655089164277466,3.584155362912353,15.360961109023343,75.12520868113523,798.6666666666666,38.087618285561874,30.880414504990053,104.0,20.0,0.32010476923617043,0.003715146032681041,0.3147492624283083,0.3298470534349578,1.0354629632087229,0.5347390649874657,0.31845528713234617,2.1343577540054084e-06,5.0806473716017425e-09,3,0.6,0.004059255873324286,0.011390525025003984,0.003188817486558882,0.011091074008360263,7.54069679579967e-05,6.945263301963258,0.06106891208597647,6.813220235306642,7.001231295219011,-0.9629658341123554,-0.5061694853232264,6.812385520625768,0.00012653868947832544,3.027646931356235e-07,1,0.2,0.18875305375979945,0.18875305375979945,0.060944433947305615,0.6640482980723048,0.10683878711553854,-0.4692328736317788,38.574510222229186,-95.6075619658033,57.63981588895832,-0.6466329691839081,-0.6299138053176585,0.007328468698611715,4.751778162064062,73.60157016683023,815.2,29.718680993610736,0.03645569307361474,46.580934574510174,7.9234383652724265,0.0,31.79,1.4774264319567757e-15,31.789999999999992,31.790000000000006,1.789069311024372e-17,1.4210854715202004e-14,0.0,0.10553796899350038,1.5236385143050057
19,567,1499.612,1504.608,0.0,0.0,0.0,0.0,0.0,0.001941811988804676,0.1287235370292723,-0.1273564789524038,0.7634193643889164,3.536776791958161,14.855369429726728,75.69386038687973,792.6666666666666,32.928204728874405,30.463092423455635,92.0,20.0,0.3200729598508128,0.003514019751288575,0.3147492624283083,0.3298470534349578,1.007636326276137,1.0223659922157138,0.32609412153395434,1.1905787257926999e-05,-2.8738544770408418e-08,1,0.2,0.003723367422636459,0.003723367422636459,0.0007913079045859996,0.0011053690041522282,3.37448865020256e-06,7.021177975541301,0.0440110654843967,6.973995011346655,7.105476769220652,0.9437740492907644,-0.7594251792032378,6.965617916623704,1.27694788598362e-05,2.992732830262402e-08,2,0.4,0.08773330723646522,0.1398500669398004,0.04400488476607237,0.27750656201868185,0.025109004431478055,-1.7661337860447741,29.561278801701874,-77.93706104893697,45.10129671319307,-0.611820893853201,-0.6490683664645793,0.0035638021126234765,4.965195743500617,76.37474541751527,785.6,9.20869154657707,0.011721857874970812,37.96172772380715,6.186478888556545,0.0,31.7938,0.0076494704212165835,31.789999999999992,31.81,1.4757190884607962e-05,0.02000000000000668,0.019999999999999574,0.17511578508558684,0.6808850306355367
19,568,1502.112,1507.108,0.0,0.0,0.0,0.0,0.0,-0.002964318707346774,0.11361363732911169,-0.1273564789524038,0.762920706601905,3.869737018048754,19.11585980790767,77.25321888412017,776.6666666666666,143.45266350495785,149.355950668194,384.0,60.0,0.3194071578911189,0.002012319901338045,0.3161141997512772,0.3223788095931685,-0.05791945057874823,-1.4231576187537052,0.317142704761794,3.961895214438704e-06,9.475795721059884e-09,3,0.6,0.004815857847345284,0.005233871457474337,0.0018857945600850377,0.011775602197471625,4.5509244894893326e-05,7.0846420325076815,0.05039175873555868,6.981052452001676,7.148732931082199,-0.7994270283097092,-0.4642633539085561,6.97979019520281,9.110745459970789e-05,2.1915795420454255e-07,2,0.4,0.14726094690122427,0.1688751155403727,0.05030515831741946,0.5240366537936432,0.0676124612619267,-0.2555329018863036,32.594212243682094,-75.00098480650396,49.23639935754451,-0.5858409781840934,-0.8548975386805417,0.003708085421833835,4.418271581214393,75.45271629778672,795.2,21.614809737770074,0.027181601782910052,39.82788202255389,6.962902981900201,0.0,31.796207999999996,0.012204200873350522,31.77,31.81,-7.101137344706685e-06,0.03999999999999915,-0.019999999999999574,-0.1848846948244094,1.800502586333451
19,569,1504.612,1509.608,0.0,0.0,0.0,0.0,0.0,-0.0018964300535306278,0.11643083654264005,-0.1540803437171776,0.8184160712760398,4.035730809662487,20.70237819250237,72.32401157184185,829.6,124.75896761355473,143.41548033598048,296.0,25.0,0.3189889755762637,0.0018174080415472547,0.3161141997512772,0.3223788095931685,0.3440582301363171,-1.0649133043266634,0.3213746160865742,6.28514758906865e-06,-1.522588554451766e-08,2,0.4,0.0008354099208174315,0.0009876095119987771,0.00023725817508070643,0.00044140491290650316,3.2065424067808696e-07,7.0775317935803965,0.04756316676363992,6.999589864629721,7.148732931082199,-0.035570901303116256,-1.3354756345702394,7.0968608751629825,9.677583761342353e-06,-2.428346715523508e-08,1,0.2,0.05186747698633276,0.05186747698633276,0.018530177726188514,0.05802071572840542,0.0023890760375702333,1.5433297069200238,34.99608571279272,-75.00098480650396,49.23639935754451,-0.6447024176579038,-0.9542023191455886,0.002932975747119435,4.03038067654696,70.09345794392523,856.0,170.29386365926402,0.198941429508486,41.9698381540198,4.40794731408524,0.0,31.790232,0.012432981774692228,31.77,31.81,-1.6334745814204645e-05,0.03999999999999915,-0.019999999999999574,-0.6026515847764821,2.2305536279166205
19,570,1507.112,1512.108,0.0,0.0,0.0,0.0,0.0,0.000653343885216842,0.12642161400173038,-0.1584825174088871,0.8184160712760398,3.6465492209279087,16.32423885835562,67.93478260869564,883.2,44.39819816163715,50.75431016179808,112.0,25.0,0.31989696875742374,0.001611117091157776,0.3171382655858331,0.322053031517182,-0.3205819606101809,-1.4700808719014913,0.3178640287186021,1.912601287630581e-06,4.540951545498584e-09,4,0.8,0.0028739687387461105,0.00418810376258022,0.0015217777572170321,0.010463198191509017,3.347129217382513e-05,7.008807487451582,0.032017001173489816,6.967337653801564,7.08870834538307,0.6214711161672263,-0.7267885776473588,7.079906660900555,0.00011974633431937668,-2.900368500738163e-07,0,0.0,0.0,0.0,0.0006630587352658132,0.000374169337821229,2.2270654899027003e-06,0.7916352978134772,37.451309510022845,-77.75867116595184,46.019553202238775,-0.5819356145140935,-1.0798274443257176,0.0070896933724481775,3.73034061452043,70.75471698113208,848.0,108.70142593360954,0.1281856437896339,41.716964127013306,3.48333112302548,0.0,31.789639999999995,0.008537585498198944,31.77,31.81,1.7191138042329773e-05,0.03999999999999915,0.039999999999995595,-0.31273580221119057,2.8199343724364354
19,571,1509.612,1514.608,0.0,0.0,0.0,0.0,0.0,0.002605980033818348,0.12415868697425715,-0.1584825174088871,0.75216703025145,3.5037054746869685,15.387914715875151,67.14413607878245,893.6,64.59721356219632,99.23708984044222,176.0,100.0,0.31906451426387705,0.0018424955922597941,0.3166768121827641,0.3218079735540073,0.20968970066003229,-1.6114459607971952,0.3214062515853148,4.077563209174213e-06,-9.905144717319215e-09,1,0.2,0.00028039598297352475,0.00028039598297352475,7.855841422201711e-05,0.00015024164508948223,3.53939467731227e-08,6.967949759155583,0.016282301701506966,6.944505741352822,6.999489323708749,0.23377032647794332,-1.2694462099001849,6.9906078287267155,6.003538248986225e-05,-1.433402468504191e-07,0,0.0,0.0,0.0,0.0013740703146724882,0.001917436368004765,1.0181519845965e-05,-1.0204211783705899,41.72296685254466,-89.68894305418979,55.117788469444086,-0.4647314753080801,-1.2033948977728528,0.006417873768941745,3.908890386850959,67.38544474393531,890.4,46.52741127550511,0.05225450502639837,46.8847866988568,4.43511361361317,0.0,31.794064000000002,0.0076148074324817894,31.789999999999992,31.81,4.2135578968874936e-07,0.02000000000000668,0.0,0.747528296597181,0.24130866515285732
